292	-111.981000 40.788000
293	-111.982000 40.788000
294	-111.981000 40.789000
295	-73.770000 40.643000
296	-73.791000 40.639000
297	-73.789000 40.641000
298	-73.783000 40.644000
299	-73.780000 40.645000
300	-73.808000 40.699000
301	-73.808000 40.700000
302	-73.816000 40.702000
303	-73.990000 40.757000
304	-73.989000 40.758000
305	-73.989000 40.758000
306	-73.990000 40.758000
307	-73.982000 40.758000
308	-73.981000 40.759000
309	-73.979000 40.762000
310	-73.979000 40.763000
311	-73.977000 40.762000
312	-73.979000 40.762000
313	-73.979000 40.762000
314	-73.979000 40.762000
315	-73.986000 40.762000
316	-73.991000 40.756000
317	-74.001000 40.733000
318	-74.003000 40.734000
319	-74.008000 40.733000
320	-74.004000 40.730000
321	-74.004000 40.733000
322	-74.004000 40.733000
323	-74.004000 40.733000
324	-74.001000 40.737000
325	-74.000000 40.739000
326	-73.988000 40.755000
327	-73.988000 40.755000
328	-73.987000 40.755000
329	-73.988000 40.757000
330	-73.988000 40.757000
331	-73.988000 40.757000
332	-73.989000 40.758000
333	-73.985000 40.759000
334	-73.984000 40.760000
335	-73.984000 40.760000
336	-73.989000 40.757000
337	-73.989000 40.758000
338	-73.989000 40.758000
339	-73.991000 40.757000
340	-73.979000 40.763000
341	-73.979000 40.762000
342	-73.976000 40.760000
343	-73.979000 40.763000
344	-73.989000 40.758000
852	-84.661000 39.055000
853	-71.016000 42.365000
854	-71.021000 42.364000
855	-71.021000 42.365000
856	-71.019000 42.369000
857	-71.047000 42.353000
858	-71.059000 42.354000
859	-71.062000 42.356000
860	-71.064000 42.353000
861	-71.088000 42.348000
862	-71.089000 42.347000
863	-71.087000 42.339000
864	-71.085000 42.338000
865	-71.088000 42.339000
866	-71.089000 42.346000
867	-71.087000 42.339000
868	-71.089000 42.336000
869	-71.060000 42.355000
870	-71.113000 42.383000
871	-71.018000 42.363000
872	-71.112000 42.383000
873	-71.119000 42.386000
874	-71.113000 42.383000
875	-71.104000 42.366000
876	-71.064000 42.353000
877	-71.077000 42.350000
878	-71.077000 42.349000
879	-71.088000 42.348000
880	-71.075000 42.352000
881	-71.071000 42.361000
882	-71.123000 42.397000
883	-71.131000 42.405000
884	-71.127000 42.401000
885	-71.112000 42.383000
886	-71.124000 42.396000
887	-71.121000 42.395000
888	-71.113000 42.383000
889	-71.118000 42.373000
890	-71.123000 42.369000
891	-71.112000 42.383000
892	-71.102000 42.364000
893	-71.113000 42.383000
894	-71.122000 42.397000
895	-71.060000 42.355000
896	-71.057000 42.359000
897	-71.071000 42.437000
898	-71.090000 42.456000
899	-71.127000 42.404000
900	-71.113000 42.384000
901	-71.021000 42.365000
902	-71.021000 42.365000
903	-73.789000 40.641000
904	-73.781000 40.638000
905	-73.780000 40.641000
906	-73.780000 40.641000
1047	-84.428000 33.641000
1048	-84.431000 33.641000
1049	-81.594000 38.359000
1050	-81.632000 38.323000
1051	-81.632000 38.322000
1052	-81.628000 38.353000
1053	-81.627000 38.352000
1054	-81.632000 38.322000
1055	-81.632000 38.322000
1056	-81.584000 38.324000
1057	-81.588000 38.326000
1058	-81.632000 38.322000
1059	-81.632000 38.322000
1060	-81.637000 38.348000
1061	-81.612000 38.336000
1062	-81.635000 38.349000
1063	-81.632000 38.322000
1064	-82.445000 38.421000
1065	-82.446000 38.421000
1066	-82.445000 38.420000
1067	-82.390000 38.413000
1068	-82.388000 38.412000
1069	-81.632000 38.322000
1070	-81.632000 38.322000
1071	-81.637000 38.348000
1072	-81.634000 38.350000
1073	-81.628000 38.353000
1074	-81.634000 38.321000
1075	-81.632000 38.322000
1076	-81.564000 38.243000
1077	-81.632000 38.322000
1078	-81.632000 38.323000
1079	-81.678000 38.341000
1080	-81.712000 38.334000
1081	-81.712000 38.336000
1082	-81.712000 38.336000
1083	-81.715000 38.338000
1084	-81.631000 38.322000
1085	-81.596000 38.371000
1086	-84.436000 33.648000
1087	-84.427000 33.642000
1088	-84.428000 33.641000
1089	-84.427000 33.641000
1401	-111.985000 40.789000
1402	-111.984000 40.788000
1403	-111.984000 40.788000
1404	-76.664000 39.181000
1405	-76.670000 39.182000
1406	-76.947000 38.978000
1407	-76.955000 38.966000
1408	-76.970000 38.954000
1409	-77.023000 38.899000
1410	-77.024000 38.888000
1411	-76.956000 38.967000
1412	-76.947000 38.978000
1413	-76.955000 38.985000
1414	-76.936000 38.993000
1415	-76.936000 38.991000
1416	-76.947000 38.978000
1417	-76.936000 38.990000
1418	-76.947000 38.978000
1419	-76.936000 38.990000
1420	-76.934000 38.992000
1421	-76.936000 38.991000
1422	-76.940000 38.989000
1423	-76.947000 38.978000
1424	-76.938000 38.994000
1425	-76.935000 38.993000
1426	-76.934000 38.992000
1427	-76.936000 38.990000
1428	-76.934000 38.992000
1429	-76.937000 38.991000
1430	-77.032000 38.919000
1431	-77.031000 38.919000
1432	-76.955000 38.986000
1433	-76.955000 38.986000
1434	-76.947000 38.984000
1435	-76.947000 38.984000
1436	-76.944000 38.989000
1437	-76.947000 38.983000
1438	-76.955000 38.986000
1439	-76.849000 39.098000
1440	-76.848000 39.098000
1441	-76.947000 38.978000
1442	-76.947000 38.978000
1443	-76.955000 38.986000
1444	-76.668000 39.181000
1445	-76.664000 39.181000
1446	-111.985000 40.787000
1588	-104.671000 39.855000
1589	-104.669000 39.859000
1590	-104.669000 39.859000
1591	-91.702000 41.888000
1592	-91.697000 41.891000
1593	-91.533000 41.659000
1594	-91.533000 41.658000
1595	-91.533000 41.660000
1596	-91.531000 41.661000
1597	-91.536000 41.661000
1598	-91.531000 41.654000
1599	-91.535000 41.660000
1600	-91.536000 41.661000
1601	-91.534000 41.661000
1602	-91.534000 41.658000
1603	-91.532000 41.660000
1604	-91.533000 41.661000
1605	-91.534000 41.658000
1606	-91.701000 41.889000
1607	-91.701000 41.888000
1608	-104.677000 39.863000
1609	-104.666000 39.859000
1610	-118.408000 33.936000
1611	-118.418000 33.935000
1612	-118.400000 33.942000
1613	-118.400000 33.943000
1614	-118.458000 33.983000
1615	-118.458000 33.983000
1616	-118.446000 33.989000
1617	-118.458000 33.983000
1618	-118.458000 33.983000
1619	-118.440000 33.980000
1620	-118.441000 33.986000
1621	-118.440000 33.981000
1622	-118.439000 33.980000
1623	-118.440000 33.980000
1624	-118.442000 33.987000
1625	-118.442000 33.986000
1626	-118.440000 33.980000
1627	-118.440000 33.980000
1628	-118.404000 33.943000
1629	-118.402000 33.942000
1649	-85.587000 40.633000
1650	-85.581000 40.633000
1651	-76.669000 39.176000
1652	-76.670000 39.177000
1653	-76.669000 39.177000
1654	-77.666000 43.127000
1655	-77.662000 43.128000
1656	-77.543000 43.106000
1657	-77.541000 43.105000
1658	-77.511000 43.090000
1659	-77.663000 43.093000
1660	-77.664000 43.092000
1661	-77.679000 43.086000
1662	-77.680000 43.085000
1663	-77.679000 43.084000
1664	-77.680000 43.084000
1665	-77.639000 43.094000
1666	-77.601000 43.150000
1667	-77.601000 43.150000
1668	-77.681000 43.094000
1669	-76.672000 39.178000
1670	-76.671000 39.177000
