0	-122.029 36.999
1	-122.063 36.998
2	-122.063 37.000
3	-122.064 37.001
4	-122.064 36.999
5	-122.029 36.999
6	-122.035 36.975
7	-122.034 36.963
8	-122.033 36.962
9	-122.026 36.962
10	-122.015 36.961
11	-122.012 36.965
12	-122.012 36.967
13	-122.037 36.967
14	-122.041 36.965
15	-122.045 36.965
16	-122.043 36.966
17	-122.062 36.968
18	-122.062 37.001
19	-122.063 37.001
20	-122.058 37.001
21	-122.057 36.997
22	-122.057 36.997
23	-122.055 36.997
24	-122.055 36.996
25	-122.051 36.995
26	-122.052 36.982
27	-122.054 36.982
28	-122.041 36.978
29	-122.041 36.967
30	-122.040 36.967
31	-122.031 36.966
32	-122.025 36.960
33	-122.022 36.962
34	-122.020 36.964
35	-122.020 36.964
36	-122.019 36.964
37	-122.017 36.965
38	-122.013 36.965
39	-122.012 36.966
40	-122.013 36.967
41	-122.038 36.967
42	-122.039 36.966
43	-122.040 36.966
44	-122.040 36.967
45	-122.041 36.966
46	-122.041 36.965
47	-122.062 36.965
48	-122.063 37.001
49	-122.055 37.001
50	-122.055 36.996
51	-122.053 36.996
52	-122.052 36.984
53	-122.051 36.982
54	-122.052 36.982
55	-122.053 36.981
56	-122.053 36.980
57	-122.046 36.977
58	-122.044 36.978
59	-122.041 36.978
60	-122.038 36.977
61	-122.033 36.977
62	-122.032 36.977
63	-122.032 36.976
64	-122.032 36.976
65	-122.031 36.975
66	-122.030 36.973
67	-122.028 36.972
68	-122.028 36.972
69	-122.027 36.972
70	-122.027 36.972
71	-122.027 36.972
72	-122.027 36.972
73	-122.026 36.972
74	-122.024 36.972
75	-122.024 36.970
76	-122.023 36.969
77	-122.022 36.968
78	-122.021 36.968
79	-122.019 36.968
80	-122.017 36.968
81	-122.013 36.968
82	-122.012 36.966
83	-121.989 36.967
84	-122.012 36.964
85	-122.022 36.967
86	-122.040 36.963
87	-122.041 36.966
88	-122.045 36.965
89	-122.043 36.966
90	-122.062 36.968
91	-122.062 37.001
92	-122.058 37.001
93	-122.058 36.997
94	-122.057 36.997
95	-122.055 36.997
96	-122.055 36.996
97	-122.055 36.993
98	-122.054 36.993
99	-122.052 36.988
100	-122.052 36.981
101	-122.053 36.981
102	-122.041 36.980
103	-122.039 36.966
104	-122.031 36.966
105	-122.030 36.960
106	-122.025 36.961
107	-122.021 36.962
108	-122.013 36.964
109	-122.013 36.966
110	-122.007 36.967
111	-122.008 36.982
112	-122.012 36.982
113	-122.009 36.967
114	-122.012 36.967
115	-122.021 36.974
116	-122.021 36.979
117	-122.029 36.980
118	-122.028 36.997
119	-122.023 36.997
120	-122.023 36.984
121	-122.012 36.984
122	-122.012 36.967
123	-122.024 36.967
124	-122.025 36.973
125	-122.027 36.974
126	-122.027 36.975
127	-122.025 36.975
128	-122.026 36.974
129	-122.025 36.975
130	-122.026 36.971
131	-122.024 36.972
132	-122.013 36.971
133	-122.007 36.967
134	-122.010 36.968
135	-122.011 36.967
136	-122.012 36.967
137	-122.024 36.967
138	-122.025 36.975
139	-122.025 36.975
140	-122.025 36.975
141	-122.012 36.975
142	-122.012 36.967
143	-122.012 36.966
144	-122.005 36.967
145	-122.005 36.967
146	-122.004 36.966
147	-122.001 36.964
148	-122.000 36.965
149	-121.998 36.963
150	-121.993 36.963
151	-121.992 36.964
152	-121.990 36.964
153	-121.988 36.963
154	-121.987 36.961
155	-121.984 36.961
156	-121.979 36.960
157	-121.978 36.957
158	-121.960 36.956
159	-121.959 36.967
160	-121.956 36.967
161	-121.953 36.970
162	-121.952 36.972
163	-121.952 36.972
164	-121.951 36.972
165	-121.951 36.972
166	-121.950 36.972
167	-121.952 36.972
168	-121.952 36.973
169	-121.964 36.964
170	-121.965 36.961
171	-121.967 36.960
172	-121.968 36.959
173	-121.969 36.958
174	-121.969 36.960
175	-121.970 36.963
176	-121.987 36.964
177	-121.988 36.963
178	-121.989 36.963
179	-121.990 36.963
180	-121.994 36.963
181	-121.996 36.964
182	-121.997 36.962
183	-121.998 36.963
184	-122.000 36.963
185	-122.000 36.963
186	-122.000 36.964
187	-122.001 36.965
188	-122.001 36.966
189	-122.001 36.967
190	-122.002 36.968
191	-122.004 36.968
192	-122.006 36.968
193	-122.008 36.968
194	-122.008 36.968
195	-122.009 36.970
196	-122.009 36.976
197	-122.010 36.977
198	-122.010 36.980
199	-122.014 36.980
200	-122.012 36.979
201	-122.021 36.967
202	-122.021 36.982
203	-122.012 36.982
204	-122.013 36.967
205	-121.965 36.967
206	-121.966 36.986
207	-122.012 36.986
208	-122.012 36.966
209	-122.047 36.967
210	-122.047 37.286
211	-122.012 37.286
212	-122.013 36.967
213	-122.036 36.967
214	-122.042 36.964
215	-122.062 36.966
216	-122.063 37.001
217	-122.054 36.980
218	-122.053 36.980
219	-122.054 36.977
220	-122.053 36.976
221	-122.043 36.976
222	-122.042 36.968
223	-122.041 36.967
224	-122.039 36.966
225	-122.039 36.965
226	-122.037 36.965
227	-122.033 36.964
228	-122.026 36.961
229	-122.014 36.962
230	-122.013 36.966
231	-122.012 36.966
232	-122.012 36.967
233	-122.016 36.967
234	-122.017 36.964
235	-122.022 36.964
236	-122.021 36.961
237	-122.017 36.960
238	-122.017 36.957
239	-122.019 36.958
240	-122.023 36.960
241	-122.013 36.962
242	-122.014 36.965
243	-122.015 36.965
244	-122.013 36.965
245	-122.058 36.975
246	-122.058 36.977
247	-122.062 36.979
248	-122.062 37.000
249	-122.054 37.001
250	-122.058 36.977
251	-122.012 36.978
252	-122.029 36.963
253	-122.032 36.960
254	-122.036 36.962
255	-122.041 36.964
256	-122.062 36.965
257	-122.062 37.001
258	-122.055 37.001
259	-122.055 36.993
260	-122.055 36.993
261	-122.055 36.992
262	-122.055 36.990
263	-122.053 36.987
264	-122.053 36.984
265	-122.052 36.984
266	-122.052 36.983
267	-122.052 36.981
268	-122.054 36.981
269	-122.054 36.977
270	-122.053 36.976
271	-122.047 36.975
272	-122.046 36.970
273	-122.044 36.969
274	-122.042 36.968
275	-122.041 36.967
276	-122.041 36.967
277	-122.040 36.967
278	-122.032 36.966
279	-122.025 36.961
280	-122.022 36.962
281	-122.020 36.964
282	-122.019 36.964
283	-122.014 36.964
284	-122.012 36.966
285	-121.909 36.967
286	-121.925 37.367
287	-121.924 37.365
288	-121.931 37.365
289	-121.930 37.370
290	-121.931 37.370
291	-111.982 37.371
292	-111.981 40.788
293	-111.982 40.788
294	-111.981 40.789
295	-73.791 40.643
296	-73.790 40.639
297	-73.789 40.641
298	-73.782 40.644
299	-73.809 40.645
300	-73.808 40.699
301	-73.808 40.700
302	-73.990 40.702
303	-73.989 40.757
304	-73.989 40.758
305	-73.990 40.758
306	-73.982 40.758
307	-73.982 40.758
308	-73.979 40.759
309	-73.979 40.762
310	-73.977 40.763
311	-73.979 40.762
312	-73.979 40.762
313	-73.979 40.762
314	-73.982 40.762
315	-73.990 40.762
316	-74.000 40.756
317	-74.002 40.733
318	-74.008 40.734
319	-74.004 40.733
320	-74.004 40.730
321	-74.004 40.733
322	-74.004 40.733
323	-74.003 40.733
324	-74.001 40.737
325	-73.987 40.739
326	-73.988 40.755
327	-73.988 40.755
328	-73.987 40.755
329	-73.988 40.757
330	-73.988 40.757
331	-73.989 40.757
332	-73.985 40.758
333	-73.985 40.759
334	-73.984 40.760
335	-73.988 40.760
336	-73.989 40.757
337	-73.991 40.758
338	-73.989 40.758
339	-73.979 40.757
340	-73.979 40.763
341	-73.976 40.762
342	-73.979 40.760
343	-73.989 40.763
344	-73.979 40.758
345	-122.053 36.985
346	-122.054 36.980
347	-122.054 36.980
348	-122.051 36.976
349	-122.050 36.974
350	-122.049 36.973
351	-122.049 36.973
352	-122.043 36.972
353	-122.042 36.968
354	-122.041 36.967
355	-122.039 36.967
356	-122.033 36.965
357	-122.032 36.962
358	-122.028 36.961
359	-122.026 36.961
360	-122.014 36.962
361	-122.013 36.966
362	-122.012 36.966
363	-122.012 36.967
364	-122.033 36.967
365	-122.032 36.976
366	-122.012 36.976
367	-122.410 37.784
368	-122.399 37.786
369	-122.400 37.794
370	-122.421 37.795
371	-122.427 37.751
372	-122.427 37.751
373	-122.427 37.753
374	-122.426 37.754
375	-122.425 37.752
376	-122.420 37.750
377	-122.420 37.750
378	-122.421 37.750
379	-122.421 37.751
380	-122.421 37.751
381	-122.417 37.751
382	-122.418 37.766
383	-122.406 37.767
384	-122.408 37.787
385	-122.407 37.787
386	-122.411 37.786
387	-122.053 36.983
388	-122.054 36.980
389	-122.052 36.976
390	-122.050 36.974
391	-122.049 36.974
392	-122.046 36.972
393	-122.043 36.969
394	-122.040 36.968
395	-122.039 36.966
396	-122.038 36.966
397	-122.026 36.964
398	-122.018 36.962
399	-122.017 36.965
400	-122.014 36.965
401	-122.013 36.966
402	-122.012 36.967
403	-122.012 36.967
404	-121.969 36.967
405	-122.013 36.975
406	-122.012 36.973
407	-122.012 36.968
408	-122.007 36.967
409	-122.007 36.982
410	-122.013 36.982
411	-122.012 36.967
412	-122.065 36.967
413	-122.063 36.951
414	-122.065 36.949
415	-122.062 36.950
416	-122.049 36.955
417	-122.048 36.956
418	-122.048 36.953
419	-122.048 36.950
420	-122.042 36.950
421	-122.041 36.952
422	-122.041 36.953
423	-122.039 36.953
424	-122.037 36.953
425	-122.030 36.953
426	-122.031 36.954
427	-122.026 36.953
428	-122.026 36.955
429	-122.026 36.961
430	-122.024 36.962
431	-122.024 36.963
432	-122.023 36.963
433	-122.019 36.963
434	-122.017 36.965
435	-122.016 36.965
436	-122.015 36.965
437	-122.013 36.966
438	-122.010 36.967
439	-122.011 36.974
440	-122.011 36.976
441	-122.012 36.976
442	-122.011 36.979
443	-122.011 36.980
444	-122.012 36.980
445	-122.012 36.969
446	-122.012 36.967
447	-122.012 36.967
448	-122.013 36.966
449	-122.020 36.967
450	-122.021 36.964
451	-122.036 36.964
452	-122.039 36.964
453	-122.040 36.966
454	-122.041 36.966
455	-122.042 36.965
456	-122.042 36.966
457	-122.042 36.965
458	-122.054 36.964
459	-122.049 36.980
460	-122.062 36.991
461	-122.062 37.000
462	-122.062 37.001
463	-122.063 37.001
464	-122.055 37.001
465	-122.055 36.995
466	-122.054 36.994
467	-122.054 36.989
468	-122.052 36.986
469	-122.052 36.982
470	-122.053 36.982
471	-122.054 36.979
472	-122.053 36.977
473	-122.050 36.976
474	-122.048 36.973
475	-122.040 36.972
476	-122.039 36.966
477	-122.024 36.965
478	-122.023 36.963
479	-122.020 36.963
480	-122.019 36.964
481	-122.015 36.964
482	-122.014 36.965
483	-122.013 36.966
484	-122.012 36.967
485	-122.012 36.967
486	-122.007 36.967
487	-122.007 36.968
488	-122.008 36.968
489	-122.007 36.968
490	-122.012 36.968
491	-122.042 36.967
492	-122.043 36.964
493	-122.045 36.963
494	-122.046 36.963
495	-122.045 36.964
496	-122.046 36.969
497	-122.047 36.970
498	-122.049 36.971
499	-122.052 36.974
500	-122.053 36.975
501	-122.056 36.982
502	-122.062 37.000
503	-122.063 37.001
504	-122.055 37.001
505	-122.055 36.985
506	-122.053 36.982
507	-122.053 36.981
508	-122.044 36.977
509	-122.042 36.978
510	-122.041 36.978
511	-122.039 36.977
512	-122.024 36.977
513	-122.020 36.979
514	-122.019 36.975
515	-122.012 36.975
516	-122.020 36.967
517	-122.024 36.964
518	-122.036 36.963
519	-122.038 36.964
520	-122.040 36.966
521	-122.041 36.966
522	-122.042 36.965
523	-122.044 36.965
524	-122.062 36.962
525	-122.062 37.000
526	-122.057 37.000
527	-122.052 36.997
528	-122.052 36.981
529	-122.054 36.981
530	-122.047 36.976
531	-122.043 36.970
532	-122.032 36.968
533	-122.032 36.961
534	-122.022 36.960
535	-122.014 36.964
536	-122.012 36.966
537	-122.024 36.967
538	-122.026 36.963
539	-122.028 36.962
540	-122.039 36.961
541	-122.041 36.966
542	-122.045 36.965
543	-122.062 36.966
544	-122.063 37.001
545	-122.063 37.001
546	-122.056 37.001
547	-122.054 36.993
548	-122.043 36.976
549	-122.039 36.967
550	-122.034 36.965
551	-122.026 36.962
552	-122.025 36.961
553	-122.018 36.962
554	-122.013 36.965
555	-122.012 36.967
556	-122.018 36.967
557	-122.045 36.973
558	-122.012 36.962
559	-121.949 36.967
560	-121.949 37.319
561	-121.950 37.321
562	-121.962 37.322
563	-121.948 37.324
564	-121.949 37.320
565	-121.960 37.319
566	-122.012 37.353
567	-122.012 36.967
568	-122.025 36.967
569	-122.054 36.963
570	-122.062 36.978
571	-122.063 37.001
572	-122.055 37.001
573	-122.052 36.989
574	-122.053 36.981
575	-122.053 36.981
576	-122.043 36.975
577	-122.031 36.968
578	-122.022 36.960
579	-122.014 36.964
580	-122.013 36.965
581	-122.028 36.967
582	-122.036 36.961
583	-122.042 36.964
584	-122.044 36.965
585	-122.062 36.969
586	-122.063 37.001
587	-122.059 37.001
588	-122.054 36.997
589	-122.054 36.988
590	-122.051 36.987
591	-122.052 36.981
592	-122.039 36.975
593	-122.037 36.965
594	-122.033 36.963
595	-122.025 36.961
596	-122.014 36.963
597	-122.013 36.965
598	-122.018 36.967
599	-122.036 36.965
600	-122.040 36.964
601	-122.049 36.966
602	-122.062 36.974
603	-122.063 37.001
604	-122.014 37.001
605	-122.013 36.966
606	-122.013 36.967
607	-122.012 36.967
608	-122.024 36.967
609	-122.043 36.962
610	-122.062 36.963
611	-122.063 37.001
612	-122.063 37.001
613	-122.061 37.001
614	-122.062 36.993
615	-122.054 36.985
616	-122.048 36.976
617	-122.048 36.972
618	-122.039 36.971
619	-122.036 36.965
620	-122.026 36.964
621	-122.024 36.961
622	-122.015 36.964
623	-122.013 36.965
624	-122.013 36.966
625	-122.012 36.966
626	-122.024 36.967
627	-122.042 36.962
628	-122.042 36.965
629	-122.044 36.965
630	-122.062 36.963
631	-122.063 37.001
632	-122.054 37.001
633	-122.045 36.976
634	-122.045 36.969
635	-122.034 36.968
636	-122.024 36.962
637	-122.015 36.963
638	-122.012 36.966
639	-121.969 36.967
640	-121.970 36.976
641	-121.965 36.978
642	-121.964 36.978
643	-121.964 36.974
644	-121.970 36.974
645	-122.012 36.974
646	-122.013 36.967
647	-122.017 36.967
648	-122.023 36.969
649	-122.024 36.971
650	-122.026 36.971
651	-122.019 36.972
652	-122.018 36.968
653	-122.012 36.968
654	-122.037 36.967
655	-122.030 36.967
656	-122.035 36.985
657	-122.046 37.015
658	-122.028 37.016
659	-122.038 36.991
660	-122.035 36.967
661	-122.028 36.968
662	-122.027 36.970
663	-122.012 36.971
664	-122.012 36.967
665	-122.008 36.967
666	-122.012 36.967
667	-122.003 36.967
668	-121.989 36.968
669	-121.993 36.964
670	-122.012 36.964
671	-122.012 36.967
672	-122.016 36.967
673	-122.044 36.965
674	-122.063 36.962
675	-122.063 37.001
676	-122.053 37.001
677	-122.053 36.979
678	-122.053 36.977
679	-122.035 36.977
680	-122.027 36.976
681	-122.026 36.976
682	-122.012 36.976
683	-122.024 36.963
684	-122.044 36.962
685	-122.062 36.962
686	-122.063 37.000
687	-122.054 37.001
688	-122.054 36.981
689	-122.050 36.976
690	-122.025 36.974
691	-122.022 36.962
692	-122.013 36.964
693	-121.989 36.967
694	-122.007 36.964
695	-122.007 36.982
696	-122.012 36.982
697	-122.013 36.967
698	-122.041 36.966
699	-122.062 36.967
700	-122.063 37.001
701	-122.062 36.965
702	-122.063 37.001
703	-122.062 37.001
704	-122.059 36.990
705	-122.059 36.990
706	-122.041 36.989
707	-122.026 36.967
708	-122.019 36.962
709	-122.014 36.964
710	-122.013 36.965
711	-122.007 36.967
712	-122.005 36.982
713	-122.428 36.985
714	-122.428 37.630
715	-122.430 37.631
716	-122.487 37.630
717	-122.490 37.757
718	-122.483 37.771
719	-122.487 37.770
720	-122.462 37.757
721	-122.459 37.783
722	-122.461 37.779
723	-122.462 37.781
724	-122.475 37.781
725	-122.475 37.781
726	-122.428 37.783
727	-122.430 37.631
728	-122.427 37.630
729	-122.486 37.626
730	-122.486 37.756
731	-122.486 37.769
732	-122.483 37.770
733	-122.485 37.769
734	-122.485 37.772
735	-122.485 37.771
736	-122.489 37.772
737	-122.487 37.771
738	-122.490 37.771
739	-122.490 37.770
740	-122.490 37.771
741	-122.487 37.771
742	-122.431 37.756
743	-122.429 37.630
744	-122.426 37.631
745	-122.419 37.761
746	-122.423 37.760
747	-122.426 37.765
748	-122.012 37.763
749	-122.013 36.967
750	-122.014 36.967
751	-122.063 36.966
752	-122.061 37.001
753	-122.054 36.985
754	-122.054 36.983
755	-122.048 36.976
756	-122.048 36.972
757	-122.042 36.971
758	-122.024 36.967
759	-122.017 36.963
760	-122.012 36.965
761	-122.038 36.966
762	-122.038 36.968
763	-122.012 36.968
764	-122.012 36.967
765	-122.044 36.967
766	-122.054 36.962
767	-122.063 36.999
768	-122.040 36.967
769	-122.041 36.966
770	-122.044 36.966
771	-122.046 36.963
772	-122.053 36.965
773	-122.050 36.992
774	-122.062 36.993
775	-122.063 37.000
776	-122.062 37.001
777	-122.061 36.997
778	-122.053 36.985
779	-122.046 36.976
780	-122.039 36.969
781	-122.014 36.965
782	-122.012 36.966
783	-122.007 36.967
784	-122.012 36.968
785	-122.025 36.967
786	-122.033 36.962
787	-122.042 36.962
788	-122.042 36.966
789	-122.062 36.964
790	-122.063 37.001
791	-122.059 37.001
792	-122.053 36.998
793	-122.054 36.982
794	-122.042 36.977
795	-122.039 36.967
796	-122.020 36.965
797	-122.018 36.964
798	-122.012 36.965
799	-121.968 36.967
800	-121.968 36.974
801	-122.013 36.974
802	-122.007 36.967
803	-122.013 36.968
804	-122.026 36.967
805	-122.012 36.972
806	-122.046 36.967
807	-122.062 36.966
808	-122.062 37.001
809	-122.054 37.001
810	-122.012 36.976
811	-122.048 36.965
812	-122.054 36.974
813	-122.063 37.001
814	-122.053 37.001
815	-122.012 36.976
816	-122.053 36.963
817	-122.062 36.981
818	-122.063 37.000
819	-122.012 36.981
820	-122.046 36.967
821	-122.062 36.971
822	-122.063 37.001
823	-122.026 37.001
824	-122.013 36.973
825	-122.064 36.967
826	-122.063 36.999
827	-122.064 37.001
828	-122.024 36.999
829	-122.025 36.975
830	-122.012 36.975
831	-122.012 36.967
832	-122.007 36.967
833	-122.007 36.982
834	-122.012 37.336
835	-122.012 36.967
836	-122.043 36.967
837	-122.043 36.964
838	-122.027 36.964
839	-122.012 36.969
840	-122.044 36.963
841	-122.062 36.968
842	-122.062 37.001
843	-122.012 37.001
844	-121.971 36.967
845	-122.383 37.261
846	-122.387 37.602
847	-122.392 37.614
848	-122.387 37.616
849	-122.386 37.617
850	-122.383 37.615
851	-84.656 37.615
852	-84.661 39.055
853	-71.021 42.365
854	-71.021 42.364
855	-71.019 42.365
856	-71.042 42.369
857	-71.055 42.353
858	-71.062 42.354
859	-71.062 42.356
860	-71.078 42.353
861	-71.089 42.348
862	-71.087 42.347
863	-71.085 42.339
864	-71.088 42.338
865	-71.089 42.339
866	-71.087 42.346
867	-71.089 42.339
868	-71.060 42.336
869	-71.113 42.355
870	-71.018 42.383
871	-71.112 42.363
872	-71.119 42.383
873	-71.113 42.386
874	-71.119 42.383
875	-71.062 42.366
876	-71.077 42.353
877	-71.077 42.350
878	-71.088 42.349
879	-71.075 42.348
880	-71.071 42.352
881	-71.123 42.361
882	-71.131 42.397
883	-71.127 42.405
884	-71.112 42.401
885	-71.124 42.383
886	-71.123 42.396
887	-71.113 42.395
888	-71.118 42.383
889	-71.123 42.373
890	-71.112 42.369
891	-71.103 42.383
892	-71.113 42.364
893	-71.122 42.383
894	-71.059 42.397
895	-71.060 42.355
896	-71.071 42.359
897	-71.090 42.437
898	-71.127 42.456
899	-71.113 42.404
900	-71.021 42.384
901	-71.021 42.365
902	-73.788 42.365
903	-73.781 40.641
904	-73.780 40.638
905	-73.780 40.641
906	-122.383 40.641
907	-122.388 37.615
908	-122.392 37.615
909	-122.402 37.616
910	-122.387 37.614
911	-122.383 37.600
912	-122.013 37.601
913	-122.042 36.967
914	-122.062 36.964
915	-122.062 37.001
916	-122.012 37.001
917	-122.004 36.967
918	-122.007 36.981
919	-122.012 36.982
920	-122.013 36.968
921	-122.013 36.967
922	-122.045 36.967
923	-122.062 36.963
924	-122.063 37.000
925	-122.053 37.001
926	-122.013 36.976
927	-122.064 36.967
928	-122.063 36.999
929	-122.012 37.001
930	-122.012 36.967
931	-122.044 36.963
932	-122.062 36.967
933	-122.062 37.000
934	-122.012 37.001
935	-122.031 36.967
936	-122.012 36.958
937	-122.012 36.967
938	-122.045 36.967
939	-122.062 36.963
940	-122.063 37.001
941	-122.013 37.001
942	-122.025 36.967
943	-122.029 36.975
944	-122.029 36.981
945	-122.027 36.981
946	-122.021 36.981
947	-122.012 36.974
948	-122.013 36.967
949	-122.054 36.967
950	-122.062 36.996
951	-122.062 37.001
952	-122.013 37.001
953	-122.044 36.967
954	-122.062 36.968
955	-122.063 37.000
956	-122.054 37.001
957	-122.012 36.976
958	-122.045 36.967
959	-122.062 36.963
960	-122.063 37.000
961	-122.063 37.001
962	-122.053 37.001
963	-122.012 36.975
964	-122.008 36.967
965	-122.011 36.968
966	-122.007 36.967
967	-122.007 36.982
968	-122.013 36.982
969	-122.012 36.974
970	-122.043 36.963
971	-122.062 36.963
972	-122.063 37.001
973	-122.061 37.001
974	-122.054 36.985
975	-122.012 36.976
976	-122.063 36.967
977	-122.054 37.001
978	-122.012 36.976
979	-122.048 36.967
980	-122.062 36.973
981	-122.063 37.001
982	-122.012 36.978
983	-122.046 36.966
984	-122.062 36.966
985	-122.063 37.000
986	-122.056 37.001
987	-122.012 36.985
988	-122.012 36.967
989	-122.058 36.967
990	-122.062 37.000
991	-122.063 37.000
992	-122.054 37.001
993	-122.054 36.979
994	-122.012 36.976
995	-122.015 36.967
996	-122.041 36.965
997	-122.062 36.966
998	-122.062 37.001
999	-122.061 37.001
1000	-122.042 36.994
1001	-122.035 36.967
1002	-122.013 36.962
1003	-122.045 36.963
1004	-122.062 36.966
1005	-122.063 37.000
1006	-122.012 37.001
1007	-122.062 36.967
1008	-122.063 37.000
1009	-122.066 37.001
1010	-122.063 36.999
1011	-122.046 36.999
1012	-122.048 36.962
1013	-122.013 36.961
1014	-122.012 36.967
1015	-122.012 36.967
1016	-122.069 36.966
1017	-122.068 36.991
1018	-122.065 36.991
1019	-122.063 36.999
1020	-122.063 37.001
1021	-122.012 37.001
1022	-122.013 36.967
1023	-122.024 36.967
1024	-122.027 36.969
1025	-122.027 36.972
1026	-122.027 36.973
1027	-122.012 36.969
1028	-122.012 36.967
1029	-122.062 36.967
1030	-122.060 37.084
1031	-122.061 37.086
1032	-122.071 37.084
1033	-122.063 37.086
1034	-122.063 37.091
1035	-122.061 37.084
1036	-122.012 37.077
1037	-122.012 36.967
1038	-122.041 36.967
1039	-122.062 36.965
1040	-122.063 37.001
1041	-122.061 37.001
1042	-122.013 36.993
1043	-121.915 36.967
1044	-121.929 37.370
1045	-121.931 37.370
1046	-84.428 37.371
1047	-84.429 33.641
1048	-81.594 33.641
1049	-81.632 38.359
1050	-81.632 38.323
1051	-81.628 38.322
1052	-81.627 38.353
1053	-81.632 38.352
1054	-81.632 38.322
1055	-81.584 38.322
1056	-81.588 38.324
1057	-81.632 38.326
1058	-81.632 38.322
1059	-81.632 38.322
1060	-81.637 38.348
1061	-81.636 38.336
1062	-81.632 38.349
1063	-82.445 38.322
1064	-82.446 38.421
1065	-82.445 38.421
1066	-82.389 38.420
1067	-82.388 38.413
1068	-81.632 38.412
1069	-81.632 38.322
1070	-81.637 38.322
1071	-81.634 38.348
1072	-81.628 38.350
1073	-81.635 38.353
1074	-81.632 38.321
1075	-81.564 38.322
1076	-81.632 38.243
1077	-81.632 38.322
1078	-81.678 38.323
1079	-81.677 38.341
1080	-81.712 38.334
1081	-81.712 38.336
1082	-81.713 38.336
1083	-81.631 38.338
1084	-81.596 38.322
1085	-81.596 38.371
1086	-84.428 33.648
1087	-84.428 33.642
1088	-84.427 33.641
1089	-121.931 33.641
1090	-121.928 37.371
1091	-121.915 37.368
1092	-121.892 37.371
1093	-121.884 37.328
1094	-121.886 37.311
1095	-122.012 37.324
1096	-122.028 36.967
1097	-122.064 36.969
1098	-122.062 36.999
1099	-122.063 37.000
1100	-122.063 37.001
1101	-122.045 36.965
1102	-122.062 36.966
1103	-122.063 37.001
1104	-122.012 36.993
1105	-122.031 36.967
1106	-122.031 36.956
1107	-122.031 36.957
1108	-122.036 36.961
1109	-122.035 36.971
1110	-122.116 36.975
1111	-122.117 37.378
1112	-122.137 37.378
1113	-122.137 37.400
1114	-122.172 37.401
1115	-122.174 37.432
1116	-122.175 37.430
1117	-122.170 37.429
1118	-122.144 37.434
1119	-122.144 37.398
1120	-122.012 37.394
1121	-122.015 36.967
1122	-122.043 36.969
1123	-122.045 36.963
1124	-122.012 36.962
1125	-122.012 36.967
1126	-122.008 36.967
1127	-122.012 36.968
1128	-122.001 36.967
1129	-122.005 36.965
1130	-122.011 36.965
1131	-122.012 36.965
1132	-121.962 36.967
1133	-121.962 36.973
1134	-122.007 36.973
1135	-122.011 36.982
1136	-122.012 36.980
1137	-122.012 36.967
1138	-122.024 36.964
1139	-122.041 36.962
1140	-122.042 36.966
1141	-122.040 36.966
1142	-122.062 36.967
1143	-122.063 37.001
1144	-122.062 37.001
1145	-122.061 36.993
1146	-122.060 36.993
1147	-122.038 36.991
1148	-122.035 36.965
1149	-122.034 36.963
1150	-122.026 36.962
1151	-122.022 36.962
1152	-122.013 36.964
1153	-122.012 36.966
1154	-122.012 36.967
1155	-122.024 36.963
1156	-122.026 36.963
1157	-122.032 36.961
1158	-122.040 36.961
1159	-122.042 36.966
1160	-122.062 36.966
1161	-122.063 37.001
1162	-122.053 37.001
1163	-122.039 36.981
1164	-122.026 36.965
1165	-122.021 36.962
1166	-122.013 36.964
1167	-122.069 36.967
1168	-122.067 36.991
1169	-122.012 36.991
1170	-122.007 36.967
1171	-122.007 36.982
1172	-122.013 36.982
1173	-122.012 36.978
1174	-122.013 36.967
1175	-122.030 36.968
1176	-122.012 36.955
1177	-122.012 36.967
1178	-122.026 36.967
1179	-122.026 36.972
1180	-122.027 36.972
1181	-122.012 36.971
1182	-122.010 36.967
1183	-122.007 36.970
1184	-122.013 36.968
1185	-122.009 36.967
1186	-122.008 36.968
1187	-122.000 36.967
1188	-122.007 36.968
1189	-122.013 36.968
1190	-122.024 36.967
1191	-122.070 36.975
1192	-122.069 37.326
1193	-122.012 37.325
1194	-122.062 36.963
1195	-122.063 37.000
1196	-122.062 37.001
1197	-122.061 36.993
1198	-122.059 36.992
1199	-122.053 36.990
1200	-122.051 36.976
1201	-122.035 36.974
1202	-122.034 36.963
1203	-122.033 36.962
1204	-122.025 36.961
1205	-122.014 36.962
1206	-122.012 36.966
1207	-122.013 36.967
1208	-122.064 36.967
1209	-122.063 36.999
1210	-122.063 37.000
1211	-122.013 36.998
1212	-122.012 36.967
1213	-122.063 36.967
1214	-122.063 37.000
1215	-122.064 37.001
1216	-122.012 36.998
1217	-122.012 36.967
1218	-122.019 36.967
1219	-122.031 36.966
1220	-122.012 36.957
1221	-122.012 36.967
1222	-122.064 36.967
1223	-122.063 36.999
1224	-122.012 37.001
1225	-122.012 36.967
1226	-122.025 36.969
1227	-122.062 36.971
1228	-122.062 37.000
1229	-122.060 37.001
1230	-122.060 36.991
1231	-122.037 36.991
1232	-122.035 36.964
1233	-122.026 36.963
1234	-122.013 36.961
1235	-122.012 36.966
1236	-122.014 36.967
1237	-122.012 36.979
1238	-122.012 36.979
1239	-122.012 36.966
1240	-122.046 36.966
1241	-122.046 36.959
1242	-122.032 36.959
1243	-122.032 36.976
1244	-122.012 36.975
1245	-122.007 36.967
1246	-122.012 36.968
1247	-122.025 36.967
1248	-122.025 36.970
1249	-122.062 36.969
1250	-122.062 37.000
1251	-122.060 37.001
1252	-122.030 36.991
1253	-122.029 36.960
1254	-122.012 36.961
1255	-122.012 36.967
1256	-122.025 36.967
1257	-122.062 36.969
1258	-122.062 37.000
1259	-122.033 37.001
1260	-122.030 36.961
1261	-122.029 36.961
1262	-122.026 36.961
1263	-122.014 36.962
1264	-122.013 36.966
1265	-122.012 36.966
1266	-122.013 36.967
1267	-122.012 36.967
1268	-122.014 36.966
1269	-122.019 36.967
1270	-122.025 36.968
1271	-122.025 36.971
1272	-122.062 36.969
1273	-122.063 37.000
1274	-122.029 37.001
1275	-122.027 36.961
1276	-122.026 36.961
1277	-122.014 36.961
1278	-122.013 36.966
1279	-121.961 36.967
1280	-122.013 36.982
1281	-122.012 36.967
1282	-122.005 36.967
1283	-122.002 36.968
1284	-122.001 36.968
1285	-122.001 36.967
1286	-121.998 36.967
1287	-121.998 36.966
1288	-121.998 36.965
1289	-122.012 36.965
1290	-121.962 36.967
1291	-121.962 36.982
1292	-121.970 36.982
1293	-122.012 36.978
1294	-122.013 36.967
1295	-122.022 36.967
1296	-122.022 36.985
1297	-122.012 36.984
1298	-122.013 36.967
1299	-122.080 36.967
1300	-122.012 37.405
1301	-122.012 36.967
1302	-122.008 36.964
1303	-122.013 36.968
1304	-122.063 36.967
1305	-122.063 37.001
1306	-122.012 37.001
1307	-122.012 36.967
1308	-122.047 36.967
1309	-122.047 37.286
1310	-122.012 37.286
1311	-122.063 36.967
1312	-122.063 37.001
1313	-122.045 37.001
1314	-122.045 36.962
1315	-122.025 36.962
1316	-122.019 36.974
1317	-122.012 36.974
1318	-122.064 36.967
1319	-122.063 37.000
1320	-122.013 36.988
1321	-122.063 36.967
1322	-122.063 37.000
1323	-122.063 37.000
1324	-122.063 37.001
1325	-122.064 37.001
1326	-122.013 36.998
1327	-122.013 36.967
1328	-121.990 36.967
1329	-121.990 36.964
1330	-122.012 36.964
1331	-122.019 36.966
1332	-122.021 36.974
1333	-122.063 36.974
1334	-122.063 36.999
1335	-122.012 36.992
1336	-122.012 36.967
1337	-122.064 36.967
1338	-122.063 36.999
1339	-122.058 37.001
1340	-122.063 37.001
1341	-122.012 37.001
1342	-122.064 36.967
1343	-122.063 36.999
1344	-122.012 37.001
1345	-122.064 36.967
1346	-122.063 37.000
1347	-122.064 37.001
1348	-122.013 36.994
1349	-122.020 36.967
1350	-122.021 36.980
1351	-122.020 36.979
1352	-122.019 36.976
1353	-122.019 36.974
1354	-122.012 36.974
1355	-122.012 36.967
1356	-122.016 36.967
1357	-122.016 36.969
1358	-122.019 36.969
1359	-122.020 36.976
1360	-122.012 36.980
1361	-122.007 36.967
1362	-122.013 36.968
1363	-122.049 36.967
1364	-122.049 36.957
1365	-122.048 36.956
1366	-122.049 36.959
1367	-122.012 36.958
1368	-122.012 36.967
1369	-122.063 36.967
1370	-122.063 37.001
1371	-122.012 37.001
1372	-122.012 36.967
1373	-122.064 36.967
1374	-122.063 37.001
1375	-122.063 37.000
1376	-122.064 37.001
1377	-122.012 36.999
1378	-122.012 36.967
1379	-122.061 36.967
1380	-122.063 37.001
1381	-122.062 37.001
1382	-122.063 36.993
1383	-122.064 36.994
1384	-122.063 36.994
1385	-122.062 36.995
1386	-122.062 37.000
1387	-122.065 37.000
1388	-122.065 36.993
1389	-122.012 36.993
1390	-122.064 36.967
1391	-122.063 36.999
1392	-122.013 37.001
1393	-121.885 36.967
1394	-121.873 37.311
1395	-121.872 37.293
1396	-121.872 37.293
1397	-121.916 37.293
1398	-121.916 37.370
1399	-121.930 37.370
1400	-121.931 37.371
1401	-111.984 40.789
1402	-111.984 40.788
1403	-76.664 40.788
1404	-76.670 39.181
1405	-76.947 39.182
1406	-76.947 38.978
1407	-76.970 38.966
1408	-77.022 38.954
1409	-77.024 38.899
1410	-76.957 38.888
1411	-76.947 38.967
1412	-76.947 38.978
1413	-76.935 38.985
1414	-76.936 38.993
1415	-76.947 38.991
1416	-76.936 38.978
1417	-76.947 38.990
1418	-76.936 38.978
1419	-76.934 38.990
1420	-76.936 38.992
1421	-76.940 38.991
1422	-76.947 38.989
1423	-76.955 38.978
1424	-76.935 38.994
1425	-76.934 38.993
1426	-76.936 38.992
1427	-76.934 38.990
1428	-76.937 38.992
1429	-77.032 38.991
1430	-77.031 38.919
1431	-76.955 38.919
1432	-76.955 38.986
1433	-76.948 38.986
1434	-76.947 38.984
1435	-76.944 38.984
1436	-76.947 38.989
1437	-76.955 38.983
1438	-76.849 38.986
1439	-76.848 39.098
1440	-76.947 39.098
1441	-76.947 38.978
1442	-76.955 38.978
1443	-76.668 38.986
1444	-76.664 39.181
1445	-111.985 39.181
1446	-111.979 40.787
1447	-121.932 37.368
1448	-121.928 37.369
1449	-121.916 37.365
1450	-121.915 37.370
1451	-121.915 37.369
1452	-121.914 37.369
1453	-121.872 37.367
1454	-121.874 37.293
1455	-121.968 37.293
1456	-121.968 36.985
1457	-121.964 36.985
1458	-121.965 36.974
1459	-122.012 36.974
1460	-122.112 36.967
1461	-122.112 36.967
1462	-122.044 36.968
1463	-122.045 36.961
1464	-122.013 36.962
1465	-122.024 36.967
1466	-122.040 36.963
1467	-122.042 36.966
1468	-122.042 36.965
1469	-122.062 36.965
1470	-122.062 37.001
1471	-122.053 37.001
1472	-122.037 36.981
1473	-122.030 36.964
1474	-122.029 36.960
1475	-122.028 36.961
1476	-122.028 36.961
1477	-122.027 36.961
1478	-122.012 36.961
1479	-122.013 36.967
1480	-122.025 36.967
1481	-122.040 36.962
1482	-122.042 36.966
1483	-122.042 36.965
1484	-122.062 36.965
1485	-122.062 37.001
1486	-122.040 36.994
1487	-122.025 36.966
1488	-122.020 36.962
1489	-122.014 36.964
1490	-122.013 36.966
1491	-122.013 36.966
1492	-122.013 36.966
1493	-122.012 36.967
1494	-122.041 36.967
1495	-122.042 36.965
1496	-122.062 36.965
1497	-122.063 37.001
1498	-122.060 37.001
1499	-122.054 36.991
1500	-122.053 36.976
1501	-122.052 36.976
1502	-122.050 36.975
1503	-122.041 36.974
1504	-122.041 36.967
1505	-122.040 36.967
1506	-122.025 36.966
1507	-122.023 36.963
1508	-122.012 36.963
1509	-122.064 36.967
1510	-122.063 36.999
1511	-122.063 36.967
1512	-122.063 37.000
1513	-122.064 37.001
1514	-122.063 36.999
1515	-122.067 36.990
1516	-122.409 36.990
1517	-122.409 37.785
1518	-122.399 37.785
1519	-122.400 37.786
1520	-122.411 37.786
1521	-122.411 37.793
1522	-122.410 37.794
1523	-122.410 37.793
1524	-122.408 37.784
1525	-122.410 37.791
1526	-122.410 37.793
1527	-122.409 37.785
1528	-122.411 37.785
1529	-122.417 37.784
1530	-122.409 37.781
1531	-122.410 37.784
1532	-122.411 37.786
1533	-122.409 37.782
1534	-122.410 37.785
1535	-122.411 37.786
1536	-122.410 37.786
1537	-122.409 37.785
1538	-122.409 37.786
1539	-122.410 37.786
1540	-122.417 37.786
1541	-122.410 37.782
1542	-122.410 37.786
1543	-122.409 37.786
1544	-122.410 37.784
1545	-122.411 37.786
1546	-122.411 37.786
1547	-122.410 37.781
1548	-122.412 37.786
1549	-122.411 37.785
1550	-122.012 37.785
1551	-122.012 36.967
1552	-122.063 36.990
1553	-122.012 36.977
1554	-122.062 36.967
1555	-122.063 37.002
1556	-122.064 37.001
1557	-122.063 37.001
1558	-122.024 37.001
1559	-122.012 36.975
1560	-122.012 36.967
1561	-122.064 36.967
1562	-122.063 37.001
1563	-122.065 37.001
1564	-122.013 36.993
1565	-122.024 36.967
1566	-122.024 36.971
1567	-122.025 36.971
1568	-122.013 36.971
1569	-122.012 36.967
1570	-122.012 36.967
1571	-122.010 36.968
1572	-122.007 36.968
1573	-122.007 36.968
1574	-122.012 36.968
1575	-122.012 36.967
1576	-122.029 36.967
1577	-122.029 36.997
1578	-122.043 36.997
1579	-122.012 36.964
1580	-122.064 36.967
1581	-122.063 37.001
1582	-122.012 37.001
1583	-121.930 36.967
1584	-121.930 37.373
1585	-121.929 37.372
1586	-121.926 37.369
1587	-121.929 37.366
1588	-104.669 39.855
1589	-104.669 39.859
1590	-91.702 39.859
1591	-91.698 41.888
1592	-91.533 41.891
1593	-91.533 41.659
1594	-91.533 41.658
1595	-91.531 41.660
1596	-91.536 41.661
1597	-91.531 41.661
1598	-91.534 41.654
1599	-91.536 41.660
1600	-91.533 41.661
1601	-91.534 41.661
1602	-91.532 41.658
1603	-91.535 41.660
1604	-91.534 41.661
1605	-91.702 41.658
1606	-91.700 41.889
1607	-91.701 41.888
1608	-104.666 39.863
1609	-104.671 39.859
1610	-118.418 33.936
1611	-118.399 33.935
1612	-118.400 33.942
1613	-118.457 33.943
1614	-118.458 33.983
1615	-118.446 33.983
1616	-118.457 33.989
1617	-118.458 33.983
1618	-118.440 33.983
1619	-118.440 33.980
1620	-118.440 33.986
1621	-118.440 33.981
1622	-118.440 33.980
1623	-118.442 33.980
1624	-118.442 33.987
1625	-118.440 33.986
1626	-118.440 33.980
1627	-118.405 33.980
1628	-118.402 33.943
1629	-118.402 33.942
1630	-121.932 37.359
1631	-121.927 37.371
1632	-121.930 37.367
1633	-121.931 37.373
1634	-122.012 37.373
1635	-122.012 36.967
1636	-122.063 36.967
1637	-122.063 37.001
1638	-122.013 37.001
1639	-122.045 36.992
1640	-122.012 36.962
1641	-122.013 36.967
1642	-121.931 36.967
1643	-121.932 37.374
1644	-121.924 37.372
1645	-121.924 37.364
1646	-121.925 37.365
1647	-121.925 37.365
1648	-121.756 37.365
1649	-85.584 40.633
1650	-78.514 40.633
1651	-76.670 39.176
1652	-76.669 39.177
1653	-77.667 39.177
1654	-77.663 43.127
1655	-77.542 43.128
1656	-77.541 43.106
1657	-77.510 43.105
1658	-77.511 43.090
1659	-77.663 43.093
1660	-77.664 43.092
1661	-77.680 43.086
1662	-77.679 43.085
1663	-77.680 43.084
1664	-77.640 43.084
1665	-77.600 43.094
1666	-77.601 43.150
1667	-77.663 43.150
1668	-76.672 43.094
1669	-76.671 39.178
1670	-121.927 39.177
1671	-121.924 37.367
1672	-121.923 37.365
1673	-121.931 37.364
1674	-121.931 37.374
1675	-121.960 37.374
1676	-122.012 37.353
1677	-122.012 36.967
1678	-122.058 36.979
1679	-122.064 36.979
1680	-122.063 36.999
1681	-122.063 37.001
1682	-122.012 37.000
1683	-122.012 36.967
1684	-122.070 36.967
1685	-122.070 37.326
1686	-122.012 37.326
1687	-122.012 36.967
1688	-122.028 36.967
1689	-122.012 36.976
1690	-122.046 36.967
1691	-122.062 36.964
1692	-122.062 37.000
1693	-122.036 36.989
1694	-122.036 37.409
1695	-122.080 37.409
1696	-122.080 37.393
1697	-122.012 37.392
1698	-122.012 36.967
1699	-122.019 36.967
1700	-122.020 36.975
1701	-122.029 36.975
1702	-122.035 36.961
1703	-122.062 36.964
1704	-122.062 37.000
1705	-122.063 36.982
1706	-122.063 36.999
1707	-122.063 37.000
1708	-122.040 36.997
1709	-122.040 36.970
1710	-122.012 36.975
1711	-122.023 36.967
1712	-122.036 36.963
1713	-122.042 36.964
1714	-122.042 36.965
1715	-122.062 36.964
1716	-122.054 37.001
1717	-122.036 36.976
1718	-122.035 36.964
1719	-122.034 36.963
1720	-122.025 36.962
1721	-122.015 36.962
1722	-122.014 36.965
1723	-122.014 36.966
1724	-122.012 36.966
1725	-122.032 36.963
1726	-122.036 36.961
1727	-122.038 36.964
1728	-122.038 36.965
1729	-122.039 36.966
1730	-122.040 36.966
1731	-122.042 36.966
1732	-122.062 36.964
1733	-122.063 37.001
1734	-122.063 37.001
1735	-122.056 37.001
1736	-122.056 36.998
1737	-122.033 36.985
1738	-122.032 36.961
1739	-122.029 36.961
1740	-122.026 36.961
1741	-122.014 36.961
1742	-122.013 36.966
1743	-122.012 36.966
1744	-122.012 36.967
1745	-122.007 36.967
1746	-122.045 36.968
1747	-122.045 36.962
1748	-122.012 36.962
1749	-122.024 36.963
1750	-122.040 36.962
1751	-122.042 36.964
1752	-122.062 36.974
1753	-122.063 37.001
1754	-122.060 37.001
1755	-122.043 36.990
1756	-122.042 36.968
1757	-122.040 36.967
1758	-122.040 36.967
1759	-122.025 36.967
1760	-122.014 36.963
1761	-122.013 36.966
1762	-122.013 36.966
1763	-122.013 36.966
