-122.064 36.999
-122.029 36.998
-122.064 37.000
-122.063 37.001
-122.064 36.999
-122.064 36.999
-122.053 36.975
-122.035 36.963
-122.034 36.962
-122.033 36.962
-122.025 36.961
-122.015 36.965
-122.012 36.967
-122.012 36.967
-122.038 36.965
-122.042 36.965
-122.045 36.966
-122.044 36.968
-122.062 37.001
-122.063 37.001
-122.063 37.001
-122.057 36.997
-122.057 36.997
-122.056 36.997
-122.055 36.996
-122.056 36.995
-122.052 36.982
-122.052 36.982
-122.054 36.978
-122.041 36.967
-122.040 36.967
-122.039 36.966
-122.031 36.960
-122.025 36.962
-122.021 36.964
-122.020 36.964
-122.019 36.964
-122.018 36.965
-122.017 36.965
-122.012 36.966
-122.013 36.967
-122.013 36.967
-122.039 36.966
-122.039 36.966
-122.040 36.967
-122.041 36.966
-122.041 36.965
-122.042 36.965
-122.063 37.001
-122.063 37.001
-122.055 36.996
-122.055 36.996
-122.052 36.984
-122.051 36.982
-122.052 36.982
-122.052 36.981
-122.054 36.980
-122.052 36.977
-122.045 36.978
-122.043 36.978
-122.041 36.977
-122.038 36.977
-122.033 36.977
-122.032 36.976
-122.032 36.976
-122.031 36.975
-122.031 36.973
-122.030 36.972
-122.028 36.972
-122.027 36.972
-122.027 36.972
-122.027 36.972
-122.027 36.972
-122.026 36.972
-122.026 36.972
-122.024 36.970
-122.024 36.969
-122.023 36.968
-122.021 36.968
-122.020 36.968
-122.019 36.968
-122.016 36.968
-122.013 36.966
-122.012 36.967
-121.989 36.964
-122.012 36.967
-122.022 36.963
-122.041 36.966
-122.042 36.965
-122.045 36.966
-122.044 36.968
-122.062 37.001
-122.062 37.001
-122.058 36.997
-122.057 36.997
-122.057 36.997
-122.055 36.996
-122.055 36.993
-122.055 36.993
-122.054 36.988
-122.052 36.981
-122.053 36.981
-122.054 36.980
-122.040 36.966
-122.039 36.966
-122.031 36.960
-122.029 36.961
-122.025 36.962
-122.020 36.964
-122.012 36.966
-122.013 36.967
-122.007 36.982
-122.008 36.982
-122.012 36.967
-122.012 36.967
-122.019 36.974
-122.021 36.979
-122.021 36.980
-122.028 36.997
-122.029 36.997
-122.023 36.984
-122.023 36.984
-122.012 36.967
-122.012 36.967
-122.024 36.973
-122.025 36.974
-122.028 36.975
-122.025 36.975
-122.025 36.974
-122.026 36.975
-122.025 36.971
-122.026 36.972
-122.024 36.971
-122.013 36.967
-122.007 36.968
-122.010 36.967
-122.012 36.967
-122.012 36.967
-122.025 36.975
-122.025 36.975
-122.025 36.975
-122.025 36.975
-122.012 36.967
-122.012 36.966
-122.012 36.967
-122.005 36.967
-122.005 36.966
-122.004 36.964
-122.000 36.965
-122.000 36.963
-121.997 36.963
-121.992 36.964
-121.991 36.964
-121.989 36.963
-121.988 36.961
-121.987 36.961
-121.983 36.960
-121.978 36.957
-121.978 36.956
-121.959 36.967
-121.959 36.967
-121.955 36.970
-121.952 36.972
-121.952 36.972
-121.951 36.972
-121.951 36.972
-121.950 36.972
-121.950 36.972
-121.951 36.973
-121.963 36.964
-121.964 36.961
-121.965 36.960
-121.968 36.959
-121.969 36.958
-121.969 36.960
-121.968 36.963
-121.971 36.964
-121.988 36.963
-121.989 36.963
-121.990 36.963
-121.990 36.963
-121.995 36.964
-121.996 36.962
-121.998 36.963
-121.998 36.963
-122.000 36.963
-122.000 36.964
-122.001 36.965
-122.001 36.966
-122.001 36.967
-122.001 36.968
-122.003 36.968
-122.005 36.968
-122.007 36.968
-122.008 36.968
-122.008 36.970
-122.009 36.976
-122.009 36.977
-122.010 36.980
-122.011 36.980
-122.014 36.979
-122.012 36.967
-122.022 36.982
-122.022 36.982
-122.013 36.967
-122.013 36.967
-121.966 36.986
-121.966 36.986
-122.012 36.966
-122.013 36.967
-122.047 37.286
-122.047 37.286
-122.013 36.967
-122.013 36.967
-122.036 36.964
-122.041 36.966
-122.063 37.001
-122.054 36.980
-122.053 36.980
-122.054 36.977
-122.053 36.976
-122.053 36.976
-122.042 36.968
-122.041 36.967
-122.040 36.966
-122.039 36.965
-122.038 36.965
-122.037 36.964
-122.032 36.961
-122.025 36.962
-122.013 36.966
-122.012 36.966
-122.012 36.967
-122.012 36.967
-122.016 36.964
-122.018 36.964
-122.021 36.961
-122.020 36.960
-122.017 36.957
-122.018 36.958
-122.020 36.960
-122.024 36.962
-122.014 36.965
-122.014 36.965
-122.014 36.965
-122.019 36.975
-122.058 36.977
-122.058 36.979
-122.062 37.000
-122.062 37.001
-122.054 36.977
-122.058 36.978
-122.023 36.963
-122.030 36.960
-122.033 36.962
-122.037 36.964
-122.042 36.965
-122.062 37.001
-122.062 37.001
-122.055 36.993
-122.055 36.993
-122.055 36.992
-122.055 36.990
-122.054 36.987
-122.053 36.984
-122.052 36.984
-122.051 36.983
-122.052 36.981
-122.053 36.981
-122.054 36.977
-122.053 36.976
-122.053 36.975
-122.047 36.970
-122.045 36.969
-122.043 36.968
-122.042 36.967
-122.041 36.967
-122.040 36.967
-122.039 36.966
-122.031 36.961
-122.025 36.962
-122.021 36.964
-122.019 36.964
-122.019 36.964
-122.013 36.966
-122.012 36.967
-121.909 37.367
-121.925 37.365
-121.924 37.365
-121.931 37.370
-121.931 37.370
-121.931 37.371
-111.981 40.788
-111.982 40.788
-111.981 40.789
-73.770 40.643
-73.791 40.639
-73.789 40.641
-73.783 40.644
-73.780 40.645
-73.808 40.699
-73.808 40.700
-73.816 40.702
-73.990 40.757
-73.989 40.758
-73.989 40.758
-73.990 40.758
-73.982 40.758
-73.981 40.759
-73.979 40.762
-73.979 40.763
-73.977 40.762
-73.979 40.762
-73.979 40.762
-73.979 40.762
-73.986 40.762
-73.991 40.756
-74.001 40.733
-74.003 40.734
-74.008 40.733
-74.004 40.730
-74.004 40.733
-74.004 40.733
-74.004 40.733
-74.001 40.737
-74.000 40.739
-73.988 40.755
-73.988 40.755
-73.987 40.755
-73.988 40.757
-73.988 40.757
-73.988 40.757
-73.989 40.758
-73.985 40.759
-73.984 40.760
-73.984 40.760
-73.989 40.757
-73.989 40.758
-73.989 40.758
-73.991 40.757
-73.979 40.763
-73.979 40.762
-73.976 40.760
-73.979 40.763
-73.989 40.758
-122.053 36.985
-122.054 36.980
-122.054 36.980
-122.053 36.976
-122.051 36.974
-122.049 36.973
-122.049 36.973
-122.048 36.972
-122.043 36.968
-122.042 36.967
-122.041 36.967
-122.038 36.965
-122.033 36.962
-122.031 36.961
-122.028 36.961
-122.025 36.962
-122.013 36.966
-122.012 36.966
-122.012 36.967
-122.012 36.967
-122.032 36.976
-122.032 36.976
-122.409 37.784
-122.410 37.786
-122.399 37.794
-122.400 37.795
-122.421 37.751
-122.427 37.751
-122.427 37.753
-122.426 37.754
-122.425 37.752
-122.424 37.750
-122.420 37.750
-122.421 37.750
-122.421 37.751
-122.421 37.751
-122.421 37.751
-122.418 37.766
-122.418 37.767
-122.405 37.787
-122.409 37.787
-122.409 37.786
-122.052 36.983
-122.053 36.980
-122.053 36.976
-122.051 36.974
-122.050 36.974
-122.048 36.972
-122.045 36.969
-122.043 36.968
-122.040 36.966
-122.039 36.966
-122.038 36.964
-122.025 36.962
-122.017 36.965
-122.016 36.965
-122.013 36.966
-122.014 36.967
-122.012 36.967
-122.012 36.967
-121.970 36.975
-122.012 36.973
-122.012 36.968
-122.012 36.967
-122.007 36.982
-122.007 36.982
-122.012 36.967
-122.012 36.967
-122.065 36.951
-122.064 36.949
-122.063 36.950
-122.061 36.955
-122.048 36.956
-122.048 36.953
-122.048 36.950
-122.047 36.950
-122.042 36.952
-122.041 36.953
-122.039 36.953
-122.039 36.953
-122.037 36.953
-122.030 36.954
-122.025 36.953
-122.027 36.955
-122.026 36.961
-122.025 36.962
-122.024 36.963
-122.023 36.963
-122.022 36.963
-122.019 36.965
-122.017 36.965
-122.017 36.965
-122.014 36.966
-122.013 36.967
-122.010 36.974
-122.011 36.976
-122.011 36.976
-122.011 36.979
-122.011 36.980
-122.011 36.980
-122.012 36.969
-122.012 36.967
-122.012 36.967
-122.013 36.966
-122.013 36.967
-122.021 36.964
-122.021 36.964
-122.037 36.964
-122.039 36.966
-122.041 36.966
-122.042 36.965
-122.042 36.966
-122.042 36.965
-122.042 36.964
-122.054 36.980
-122.049 36.991
-122.062 37.000
-122.062 37.001
-122.063 37.001
-122.063 37.001
-122.055 36.995
-122.054 36.994
-122.054 36.989
-122.054 36.986
-122.052 36.982
-122.052 36.982
-122.054 36.979
-122.054 36.977
-122.053 36.976
-122.049 36.973
-122.048 36.972
-122.040 36.966
-122.038 36.965
-122.023 36.963
-122.022 36.963
-122.019 36.964
-122.019 36.964
-122.014 36.965
-122.013 36.966
-122.013 36.967
-122.012 36.967
-122.012 36.967
-122.008 36.968
-122.008 36.968
-122.007 36.968
-122.007 36.968
-122.012 36.967
-122.043 36.964
-122.043 36.963
-122.045 36.963
-122.046 36.964
-122.046 36.969
-122.047 36.970
-122.047 36.971
-122.050 36.974
-122.052 36.975
-122.051 36.982
-122.057 37.000
-122.062 37.001
-122.063 37.001
-122.055 36.985
-122.053 36.982
-122.054 36.981
-122.052 36.977
-122.043 36.978
-122.042 36.978
-122.040 36.977
-122.038 36.977
-122.023 36.979
-122.019 36.975
-122.019 36.975
-122.012 36.967
-122.021 36.964
-122.024 36.963
-122.037 36.964
-122.039 36.966
-122.041 36.966
-122.042 36.965
-122.042 36.965
-122.045 36.962
-122.062 37.000
-122.062 37.000
-122.056 36.997
-122.052 36.981
-122.053 36.981
-122.053 36.976
-122.047 36.970
-122.042 36.968
-122.032 36.961
-122.031 36.960
-122.021 36.964
-122.013 36.966
-122.012 36.967
-122.025 36.963
-122.027 36.962
-122.029 36.961
-122.039 36.966
-122.042 36.965
-122.045 36.966
-122.063 37.001
-122.063 37.001
-122.063 37.001
-122.055 36.993
-122.053 36.976
-122.042 36.967
-122.038 36.965
-122.034 36.962
-122.025 36.961
-122.025 36.962
-122.017 36.965
-122.012 36.967
-122.012 36.967
-122.018 36.973
-122.045 36.962
-122.012 36.967
-121.949 37.319
-121.949 37.321
-121.950 37.322
-121.962 37.324
-121.948 37.320
-121.949 37.319
-121.960 37.353
-122.012 36.967
-122.012 36.967
-122.024 36.963
-122.054 36.978
-122.063 37.001
-122.063 37.001
-122.054 36.989
-122.052 36.981
-122.053 36.981
-122.053 36.975
-122.042 36.968
-122.031 36.960
-122.021 36.964
-122.013 36.965
-122.013 36.967
-122.028 36.961
-122.036 36.964
-122.042 36.965
-122.045 36.969
-122.062 37.001
-122.063 37.001
-122.055 36.997
-122.054 36.988
-122.054 36.987
-122.053 36.981
-122.052 36.975
-122.039 36.965
-122.036 36.963
-122.033 36.961
-122.024 36.963
-122.014 36.965
-122.013 36.967
-122.018 36.965
-122.037 36.964
-122.041 36.966
-122.050 36.974
-122.062 37.001
-122.063 37.001
-122.013 36.966
-122.013 36.967
-122.012 36.967
-122.012 36.967
-122.025 36.962
-122.043 36.963
-122.062 37.001
-122.063 37.001
-122.063 37.001
-122.061 36.993
-122.057 36.985
-122.053 36.976
-122.048 36.972
-122.048 36.971
-122.038 36.965
-122.036 36.964
-122.026 36.961
-122.022 36.964
-122.015 36.965
-122.013 36.966
-122.013 36.966
-122.012 36.967
-122.025 36.962
-122.042 36.965
-122.041 36.965
-122.044 36.963
-122.063 37.001
-122.063 37.001
-122.053 36.976
-122.045 36.969
-122.044 36.968
-122.033 36.962
-122.023 36.963
-122.014 36.966
-122.012 36.967
-121.968 36.976
-121.970 36.978
-121.965 36.978
-121.964 36.974
-121.964 36.974
-121.971 36.974
-122.012 36.967
-122.013 36.967
-122.017 36.969
-122.024 36.971
-122.024 36.971
-122.026 36.972
-122.018 36.968
-122.018 36.968
-122.012 36.967
-122.037 36.967
-122.026 36.985
-122.035 37.015
-122.046 37.016
-122.028 36.991
-122.038 36.967
-122.035 36.968
-122.028 36.970
-122.027 36.971
-122.012 36.967
-122.012 36.967
-122.008 36.967
-122.012 36.967
-122.003 36.968
-121.989 36.964
-121.994 36.964
-122.013 36.967
-122.012 36.967
-122.017 36.965
-122.045 36.962
-122.063 37.001
-122.063 37.001
-122.054 36.979
-122.053 36.977
-122.052 36.977
-122.034 36.976
-122.027 36.976
-122.026 36.976
-122.023 36.963
-122.025 36.962
-122.045 36.962
-122.062 37.000
-122.063 37.001
-122.052 36.981
-122.053 36.976
-122.050 36.974
-122.025 36.962
-122.021 36.964
-122.013 36.967
-121.989 36.964
-122.007 36.982
-122.007 36.982
-122.013 36.967
-122.014 36.966
-122.041 36.967
-122.063 37.001
-122.042 36.965
-122.062 37.001
-122.063 37.001
-122.060 36.990
-122.059 36.990
-122.059 36.989
-122.040 36.967
-122.025 36.962
-122.018 36.964
-122.014 36.965
-122.013 36.967
-122.007 36.982
-122.005 36.985
-122.429 37.630
-122.428 37.631
-122.430 37.630
-122.487 37.757
-122.490 37.771
-122.483 37.770
-122.487 37.757
-122.462 37.783
-122.459 37.779
-122.461 37.781
-122.463 37.781
-122.475 37.781
-122.474 37.783
-122.429 37.631
-122.430 37.630
-122.427 37.626
-122.487 37.756
-122.485 37.769
-122.484 37.770
-122.486 37.769
-122.485 37.772
-122.485 37.771
-122.485 37.772
-122.489 37.771
-122.490 37.771
-122.490 37.770
-122.490 37.771
-122.490 37.771
-122.486 37.756
-122.430 37.630
-122.429 37.631
-122.426 37.761
-122.419 37.760
-122.423 37.765
-122.426 37.763
-122.013 36.967
-122.013 36.967
-122.014 36.966
-122.063 37.001
-122.054 36.985
-122.053 36.983
-122.053 36.976
-122.048 36.972
-122.048 36.971
-122.041 36.967
-122.024 36.963
-122.016 36.965
-122.012 36.966
-122.039 36.968
-122.038 36.968
-122.012 36.967
-122.012 36.967
-122.044 36.962
-122.055 36.999
-122.012 36.967
-122.041 36.966
-122.041 36.966
-122.044 36.963
-122.047 36.965
-122.049 36.992
-122.050 36.993
-122.062 37.000
-122.063 37.001
-122.062 36.997
-122.056 36.985
-122.053 36.976
-122.045 36.969
-122.038 36.965
-122.014 36.966
-122.012 36.967
-122.007 36.968
-122.012 36.967
-122.025 36.962
-122.034 36.962
-122.042 36.966
-122.042 36.964
-122.063 37.001
-122.063 37.001
-122.054 36.998
-122.051 36.982
-122.054 36.977
-122.042 36.967
-122.038 36.965
-122.019 36.964
-122.017 36.965
-122.012 36.967
-121.968 36.974
-121.968 36.974
-122.013 36.967
-122.007 36.968
-122.013 36.967
-122.026 36.972
-122.013 36.967
-122.045 36.966
-122.062 37.001
-122.062 37.001
-122.053 36.976
-122.042 36.965
-122.050 36.974
-122.058 37.001
-122.063 37.001
-122.053 36.976
-122.024 36.963
-122.053 36.981
-122.062 37.000
-122.053 36.981
-122.012 36.967
-122.047 36.971
-122.063 37.001
-122.063 37.001
-122.026 36.973
-122.013 36.967
-122.064 36.999
-122.063 37.001
-122.064 36.999
-122.025 36.975
-122.025 36.975
-122.012 36.967
-122.012 36.967
-122.007 36.982
-122.068 37.336
-122.012 36.967
-122.012 36.967
-122.043 36.964
-122.043 36.964
-122.026 36.969
-122.025 36.963
-122.044 36.968
-122.063 37.001
-122.063 37.001
-122.012 36.967
-121.971 37.261
-122.385 37.602
-122.401 37.614
-122.392 37.616
-122.386 37.617
-122.386 37.615
-122.383 37.615
-84.661 39.055
-71.016 42.365
-71.021 42.364
-71.021 42.365
-71.019 42.369
-71.047 42.353
-71.059 42.354
-71.062 42.356
-71.064 42.353
-71.088 42.348
-71.089 42.347
-71.087 42.339
-71.085 42.338
-71.088 42.339
-71.089 42.346
-71.087 42.339
-71.089 42.336
-71.060 42.355
-71.113 42.383
-71.018 42.363
-71.112 42.383
-71.119 42.386
-71.113 42.383
-71.104 42.366
-71.064 42.353
-71.077 42.350
-71.077 42.349
-71.088 42.348
-71.075 42.352
-71.071 42.361
-71.123 42.397
-71.131 42.405
-71.127 42.401
-71.112 42.383
-71.124 42.396
-71.121 42.395
-71.113 42.383
-71.118 42.373
-71.123 42.369
-71.112 42.383
-71.102 42.364
-71.113 42.383
-71.122 42.397
-71.060 42.355
-71.057 42.359
-71.071 42.437
-71.090 42.456
-71.127 42.404
-71.113 42.384
-71.021 42.365
-71.021 42.365
-73.789 40.641
-73.781 40.638
-73.780 40.641
-73.780 40.641
-122.383 37.615
-122.389 37.615
-122.391 37.616
-122.401 37.614
-122.386 37.600
-122.389 37.601
-122.013 36.967
-122.042 36.964
-122.062 37.001
-122.062 37.001
-122.012 36.967
-122.005 36.981
-122.007 36.982
-122.012 36.968
-122.012 36.967
-122.013 36.967
-122.045 36.963
-122.062 37.000
-122.063 37.001
-122.053 36.976
-122.013 36.967
-122.064 36.999
-122.063 37.001
-122.013 36.967
-122.024 36.963
-122.044 36.967
-122.062 37.000
-122.062 37.001
-122.012 36.967
-122.031 36.958
-122.012 36.967
-122.012 36.967
-122.045 36.963
-122.063 37.001
-122.063 37.001
-122.013 36.967
-122.025 36.975
-122.029 36.981
-122.029 36.981
-122.027 36.981
-122.024 36.974
-122.013 36.967
-122.013 36.967
-122.051 36.996
-122.062 37.001
-122.062 37.001
-122.013 36.967
-122.043 36.968
-122.062 37.000
-122.063 37.001
-122.053 36.976
-122.012 36.967
-122.046 36.963
-122.062 37.000
-122.063 37.001
-122.063 37.001
-122.052 36.975
-122.012 36.967
-122.008 36.968
-122.011 36.967
-122.007 36.982
-122.007 36.982
-122.013 36.974
-122.023 36.963
-122.043 36.963
-122.062 37.001
-122.063 37.001
-122.054 36.985
-122.053 36.976
-122.012 36.967
-122.063 37.001
-122.053 36.976
-122.012 36.967
-122.049 36.973
-122.062 37.001
-122.054 36.978
-122.040 36.966
-122.045 36.966
-122.062 37.000
-122.063 37.001
-122.054 36.985
-122.012 36.967
-122.012 36.967
-122.059 37.000
-122.062 37.000
-122.063 37.001
-122.054 36.979
-122.053 36.976
-122.012 36.967
-122.016 36.965
-122.041 36.966
-122.062 37.001
-122.062 37.001
-122.061 36.994
-122.041 36.967
-122.034 36.962
-122.024 36.963
-122.045 36.966
-122.062 37.000
-122.063 37.001
-122.012 36.967
-122.062 37.000
-122.063 37.001
-122.066 36.999
-122.064 36.999
-122.046 36.962
-122.048 36.961
-122.013 36.967
-122.012 36.967
-122.012 36.966
-122.068 36.991
-122.068 36.991
-122.064 36.999
-122.063 37.001
-122.063 37.001
-122.012 36.967
-122.013 36.967
-122.025 36.969
-122.027 36.972
-122.027 36.973
-122.028 36.969
-122.012 36.967
-122.012 36.967
-122.062 37.084
-122.060 37.086
-122.061 37.084
-122.070 37.086
-122.063 37.091
-122.061 37.084
-122.058 37.077
-122.012 36.967
-122.012 36.967
-122.041 36.965
-122.063 37.001
-122.063 37.001
-122.061 36.993
-122.013 36.967
-121.915 37.370
-121.929 37.370
-121.931 37.371
-84.428 33.641
-84.431 33.641
-81.594 38.359
-81.632 38.323
-81.632 38.322
-81.628 38.353
-81.627 38.352
-81.632 38.322
-81.632 38.322
-81.584 38.324
-81.588 38.326
-81.632 38.322
-81.632 38.322
-81.637 38.348
-81.612 38.336
-81.635 38.349
-81.632 38.322
-82.445 38.421
-82.446 38.421
-82.445 38.420
-82.390 38.413
-82.388 38.412
-81.632 38.322
-81.632 38.322
-81.637 38.348
-81.634 38.350
-81.628 38.353
-81.634 38.321
-81.632 38.322
-81.564 38.243
-81.632 38.322
-81.632 38.323
-81.678 38.341
-81.712 38.334
-81.712 38.336
-81.712 38.336
-81.715 38.338
-81.631 38.322
-81.596 38.371
-84.436 33.648
-84.427 33.642
-84.428 33.641
-84.427 33.641
-121.931 37.371
-121.928 37.368
-121.916 37.371
-121.894 37.328
-121.884 37.311
-121.895 37.324
-122.012 36.967
-122.029 36.969
-122.064 36.999
-122.062 37.000
-122.063 37.001
-122.042 36.965
-122.045 36.966
-122.062 37.001
-122.061 36.993
-122.012 36.967
-122.031 36.956
-122.031 36.957
-122.031 36.961
-122.037 36.971
-122.034 36.975
-122.116 37.378
-122.117 37.378
-122.136 37.400
-122.137 37.401
-122.171 37.432
-122.174 37.430
-122.175 37.429
-122.169 37.434
-122.143 37.398
-122.130 37.394
-122.013 36.967
-122.016 36.969
-122.042 36.963
-122.045 36.962
-122.012 36.967
-122.012 36.967
-122.008 36.968
-122.012 36.967
-122.001 36.965
-122.006 36.965
-122.011 36.965
-122.012 36.967
-121.962 36.973
-121.962 36.973
-122.007 36.982
-122.010 36.980
-122.012 36.967
-122.020 36.964
-122.025 36.962
-122.041 36.966
-122.041 36.966
-122.041 36.967
-122.062 37.001
-122.063 37.001
-122.062 36.993
-122.061 36.993
-122.060 36.991
-122.038 36.965
-122.035 36.963
-122.034 36.962
-122.025 36.962
-122.021 36.964
-122.012 36.966
-122.013 36.967
-122.023 36.963
-122.025 36.963
-122.027 36.961
-122.033 36.961
-122.040 36.966
-122.042 36.966
-122.062 37.001
-122.063 37.001
-122.053 36.981
-122.039 36.965
-122.025 36.962
-122.020 36.964
-122.013 36.967
-122.068 36.991
-122.067 36.991
-122.012 36.967
-122.007 36.982
-122.007 36.982
-122.013 36.978
-122.012 36.967
-122.013 36.968
-122.030 36.955
-122.012 36.967
-122.012 36.967
-122.026 36.972
-122.026 36.972
-122.027 36.971
-122.012 36.967
-122.009 36.970
-122.007 36.968
-122.013 36.967
-122.008 36.968
-122.007 36.967
-122.000 36.968
-122.007 36.968
-122.013 36.967
-122.024 36.975
-122.069 37.326
-122.069 37.325
-122.023 36.963
-122.062 37.000
-122.063 37.001
-122.062 36.993
-122.060 36.992
-122.059 36.990
-122.053 36.976
-122.051 36.974
-122.035 36.963
-122.033 36.962
-122.032 36.961
-122.025 36.962
-122.013 36.966
-122.013 36.967
-122.013 36.967
-122.064 36.999
-122.063 37.000
-122.064 36.998
-122.012 36.967
-122.012 36.967
-122.063 37.000
-122.063 37.001
-122.064 36.998
-122.012 36.967
-122.012 36.967
-122.020 36.966
-122.031 36.957
-122.012 36.967
-122.012 36.967
-122.064 36.999
-122.063 37.001
-122.012 36.967
-122.024 36.969
-122.025 36.971
-122.063 37.000
-122.062 37.001
-122.060 36.991
-122.059 36.991
-122.037 36.964
-122.034 36.963
-122.026 36.961
-122.013 36.966
-122.012 36.967
-122.014 36.979
-122.012 36.979
-122.012 36.966
-122.012 36.966
-122.046 36.959
-122.046 36.959
-122.033 36.976
-122.032 36.975
-122.012 36.967
-122.007 36.968
-122.012 36.967
-122.025 36.970
-122.025 36.969
-122.062 37.000
-122.062 37.001
-122.059 36.991
-122.029 36.960
-122.028 36.961
-122.012 36.967
-122.012 36.967
-122.034 36.969
-122.062 37.000
-122.062 37.001
-122.032 36.961
-122.029 36.961
-122.028 36.961
-122.025 36.962
-122.013 36.966
-122.012 36.966
-122.013 36.967
-122.013 36.967
-122.012 36.966
-122.014 36.967
-122.019 36.968
-122.025 36.971
-122.025 36.969
-122.062 37.000
-122.063 37.001
-122.029 36.961
-122.027 36.961
-122.025 36.961
-122.013 36.966
-122.013 36.967
-121.961 36.982
-122.012 36.967
-122.012 36.967
-122.005 36.968
-122.001 36.968
-122.001 36.967
-122.000 36.967
-121.998 36.966
-121.998 36.965
-121.998 36.965
-122.012 36.967
-121.962 36.982
-121.963 36.982
-121.970 36.978
-122.013 36.967
-122.013 36.967
-122.022 36.985
-122.023 36.984
-122.013 36.967
-122.013 36.967
-122.080 37.405
-122.012 36.967
-122.012 36.964
-122.008 36.968
-122.013 36.967
-122.063 37.001
-122.063 37.001
-122.012 36.967
-122.012 36.967
-122.047 37.286
-122.047 37.286
-122.012 36.967
-122.063 37.001
-122.063 37.001
-122.045 36.962
-122.045 36.962
-122.025 36.974
-122.018 36.974
-122.012 36.967
-122.063 37.000
-122.068 36.988
-122.013 36.967
-122.063 37.000
-122.063 37.000
-122.063 37.001
-122.063 37.001
-122.064 36.998
-122.013 36.967
-122.013 36.967
-121.990 36.964
-121.990 36.964
-122.012 36.966
-122.020 36.974
-122.021 36.974
-122.063 36.999
-122.067 36.992
-122.012 36.967
-122.012 36.967
-122.062 36.999
-122.063 37.001
-122.058 37.001
-122.063 37.001
-122.012 36.967
-122.063 36.999
-122.063 37.001
-122.012 36.967
-122.063 37.000
-122.063 37.001
-122.063 36.994
-122.013 36.967
-122.021 36.980
-122.021 36.979
-122.020 36.976
-122.019 36.974
-122.019 36.974
-122.012 36.967
-122.012 36.967
-122.016 36.969
-122.016 36.969
-122.019 36.976
-122.019 36.980
-122.012 36.967
-122.007 36.968
-122.013 36.967
-122.049 36.957
-122.049 36.956
-122.048 36.959
-122.049 36.958
-122.012 36.967
-122.012 36.967
-122.063 37.001
-122.063 37.001
-122.012 36.967
-122.012 36.967
-122.063 37.001
-122.063 37.000
-122.063 37.001
-122.065 36.999
-122.012 36.967
-122.012 36.967
-122.061 37.001
-122.064 37.001
-122.061 36.993
-122.063 36.994
-122.064 36.994
-122.063 36.995
-122.062 37.000
-122.062 37.000
-122.065 36.993
-122.066 36.993
-122.012 36.967
-122.063 36.999
-122.063 37.001
-122.013 36.967
-121.885 37.311
-121.873 37.293
-121.872 37.293
-121.872 37.293
-121.916 37.370
-121.916 37.370
-121.931 37.371
-111.985 40.789
-111.984 40.788
-111.984 40.788
-76.664 39.181
-76.670 39.182
-76.947 38.978
-76.955 38.966
-76.970 38.954
-77.023 38.899
-77.024 38.888
-76.956 38.967
-76.947 38.978
-76.955 38.985
-76.936 38.993
-76.936 38.991
-76.947 38.978
-76.936 38.990
-76.947 38.978
-76.936 38.990
-76.934 38.992
-76.936 38.991
-76.940 38.989
-76.947 38.978
-76.938 38.994
-76.935 38.993
-76.934 38.992
-76.936 38.990
-76.934 38.992
-76.937 38.991
-77.032 38.919
-77.031 38.919
-76.955 38.986
-76.955 38.986
-76.947 38.984
-76.947 38.984
-76.944 38.989
-76.947 38.983
-76.955 38.986
-76.849 39.098
-76.848 39.098
-76.947 38.978
-76.947 38.978
-76.955 38.986
-76.668 39.181
-76.664 39.181
-111.985 40.787
-121.932 37.368
-121.929 37.369
-121.924 37.365
-121.916 37.370
-121.915 37.369
-121.915 37.369
-121.914 37.367
-121.872 37.293
-121.874 37.293
-121.968 36.985
-121.968 36.985
-121.964 36.974
-121.966 36.974
-122.012 36.967
-122.111 36.967
-122.113 36.968
-122.045 36.961
-122.045 36.962
-122.013 36.967
-122.024 36.963
-122.041 36.966
-122.042 36.965
-122.042 36.965
-122.062 37.001
-122.062 37.001
-122.053 36.981
-122.036 36.964
-122.030 36.960
-122.029 36.961
-122.028 36.961
-122.027 36.961
-122.027 36.961
-122.013 36.967
-122.013 36.967
-122.025 36.962
-122.041 36.966
-122.042 36.965
-122.042 36.965
-122.062 37.001
-122.062 36.994
-122.039 36.966
-122.025 36.962
-122.020 36.964
-122.014 36.966
-122.013 36.966
-122.013 36.966
-122.013 36.967
-122.012 36.967
-122.042 36.965
-122.042 36.965
-122.063 37.001
-122.063 37.001
-122.059 36.991
-122.053 36.976
-122.053 36.976
-122.052 36.975
-122.050 36.974
-122.041 36.967
-122.040 36.967
-122.040 36.966
-122.024 36.963
-122.022 36.963
-122.012 36.967
-122.064 36.999
-122.013 36.967
-122.063 37.000
-122.063 37.001
-122.064 36.999
-122.066 36.990
-122.068 36.990
-122.409 37.785
-122.409 37.785
-122.399 37.786
-122.400 37.786
-122.414 37.793
-122.410 37.794
-122.410 37.793
-122.410 37.784
-122.409 37.791
-122.410 37.793
-122.410 37.785
-122.409 37.785
-122.411 37.784
-122.417 37.781
-122.409 37.784
-122.410 37.786
-122.411 37.782
-122.409 37.785
-122.410 37.786
-122.411 37.786
-122.410 37.785
-122.410 37.786
-122.409 37.786
-122.410 37.786
-122.417 37.782
-122.410 37.786
-122.410 37.786
-122.409 37.784
-122.410 37.786
-122.411 37.786
-122.411 37.781
-122.410 37.786
-122.412 37.785
-122.411 37.785
-122.012 36.967
-122.066 36.990
-122.054 36.977
-122.012 36.967
-122.062 37.002
-122.064 37.001
-122.063 37.001
-122.063 37.001
-122.024 36.975
-122.012 36.967
-122.012 36.967
-122.063 37.001
-122.063 37.001
-122.065 36.993
-122.013 36.967
-122.024 36.971
-122.024 36.971
-122.025 36.971
-122.012 36.967
-122.012 36.967
-122.012 36.968
-122.010 36.968
-122.007 36.968
-122.007 36.968
-122.012 36.967
-122.012 36.967
-122.029 36.997
-122.029 36.997
-122.043 36.964
-122.012 36.967
-122.063 37.001
-122.063 37.001
-122.012 36.967
-121.930 37.373
-121.930 37.372
-121.929 37.369
-121.926 37.366
-104.671 39.855
-104.669 39.859
-104.669 39.859
-91.702 41.888
-91.697 41.891
-91.533 41.659
-91.533 41.658
-91.533 41.660
-91.531 41.661
-91.536 41.661
-91.531 41.654
-91.535 41.660
-91.536 41.661
-91.534 41.661
-91.534 41.658
-91.532 41.660
-91.533 41.661
-91.534 41.658
-91.701 41.889
-91.701 41.888
-104.677 39.863
-104.666 39.859
-118.408 33.936
-118.418 33.935
-118.400 33.942
-118.400 33.943
-118.458 33.983
-118.458 33.983
-118.446 33.989
-118.458 33.983
-118.458 33.983
-118.440 33.980
-118.441 33.986
-118.440 33.981
-118.439 33.980
-118.440 33.980
-118.442 33.987
-118.442 33.986
-118.440 33.980
-118.440 33.980
-118.404 33.943
-118.402 33.942
-121.923 37.359
-121.932 37.371
-121.926 37.367
-121.930 37.373
-121.931 37.373
-122.012 36.967
-122.012 36.967
-122.063 37.001
-122.063 37.001
-122.066 36.992
-122.045 36.962
-122.013 36.967
-122.013 36.967
-121.932 37.374
-121.932 37.372
-121.924 37.364
-121.924 37.365
-121.925 37.365
-121.925 37.365
-85.587 40.633
-85.581 40.633
-76.669 39.176
-76.670 39.177
-76.669 39.177
-77.666 43.127
-77.662 43.128
-77.543 43.106
-77.541 43.105
-77.511 43.090
-77.663 43.093
-77.664 43.092
-77.679 43.086
-77.680 43.085
-77.679 43.084
-77.680 43.084
-77.639 43.094
-77.601 43.150
-77.601 43.150
-77.681 43.094
-76.672 39.178
-76.671 39.177
-121.927 37.367
-121.923 37.365
-121.922 37.364
-121.931 37.374
-121.932 37.374
-121.960 37.353
-122.012 36.967
-122.057 36.979
-122.058 36.979
-122.064 36.999
-122.063 37.001
-122.063 37.000
-122.012 36.967
-122.012 36.967
-122.070 37.326
-122.070 37.326
-122.012 36.967
-122.012 36.967
-122.028 36.976
-122.012 36.967
-122.046 36.964
-122.062 37.000
-122.069 36.989
-122.036 37.409
-122.036 37.409
-122.080 37.393
-122.080 37.392
-122.012 36.967
-122.012 36.967
-122.020 36.975
-122.020 36.975
-122.029 36.961
-122.036 36.964
-122.062 37.000
-122.062 36.982
-122.063 36.999
-122.063 37.000
-122.064 36.997
-122.040 36.970
-122.052 36.975
-122.012 36.967
-122.023 36.963
-122.037 36.964
-122.042 36.965
-122.042 36.964
-122.062 37.001
-122.053 36.976
-122.036 36.964
-122.035 36.963
-122.033 36.962
-122.025 36.962
-122.015 36.965
-122.014 36.966
-122.013 36.966
-122.024 36.963
-122.032 36.961
-122.037 36.964
-122.038 36.965
-122.039 36.966
-122.040 36.966
-122.041 36.966
-122.042 36.964
-122.062 37.001
-122.063 37.001
-122.063 37.001
-122.056 36.998
-122.054 36.985
-122.032 36.961
-122.032 36.961
-122.029 36.961
-122.026 36.961
-122.013 36.966
-122.013 36.966
-122.012 36.967
-122.008 36.967
-122.011 36.968
-122.045 36.962
-122.045 36.962
-122.023 36.963
-122.025 36.962
-122.040 36.964
-122.051 36.974
-122.063 37.001
-122.063 37.001
-122.059 36.990
-122.042 36.968
-122.041 36.967
-122.040 36.967
-122.040 36.967
-122.024 36.963
-122.013 36.966
-122.013 36.966
-122.013 36.966
-122.029 36.999
-122.063 36.998
-122.063 37.000
-122.064 37.001
-122.064 36.999
-122.029 36.999
-122.035 36.975
-122.034 36.963
-122.033 36.962
-122.026 36.962
-122.015 36.961
-122.012 36.965
-122.012 36.967
-122.037 36.967
-122.041 36.965
-122.045 36.965
-122.043 36.966
-122.062 36.968
-122.062 37.001
-122.063 37.001
-122.058 37.001
-122.057 36.997
-122.057 36.997
-122.055 36.997
-122.055 36.996
-122.051 36.995
-122.052 36.982
-122.054 36.982
-122.041 36.978
-122.041 36.967
-122.040 36.967
-122.031 36.966
-122.025 36.960
-122.022 36.962
-122.020 36.964
-122.020 36.964
-122.019 36.964
-122.017 36.965
-122.013 36.965
-122.012 36.966
-122.013 36.967
-122.038 36.967
-122.039 36.966
-122.040 36.966
-122.040 36.967
-122.041 36.966
-122.041 36.965
-122.062 36.965
-122.063 37.001
-122.055 37.001
-122.055 36.996
-122.053 36.996
-122.052 36.984
-122.051 36.982
-122.052 36.982
-122.053 36.981
-122.053 36.980
-122.046 36.977
-122.044 36.978
-122.041 36.978
-122.038 36.977
-122.033 36.977
-122.032 36.977
-122.032 36.976
-122.032 36.976
-122.031 36.975
-122.030 36.973
-122.028 36.972
-122.028 36.972
-122.027 36.972
-122.027 36.972
-122.027 36.972
-122.027 36.972
-122.026 36.972
-122.024 36.972
-122.024 36.970
-122.023 36.969
-122.022 36.968
-122.021 36.968
-122.019 36.968
-122.017 36.968
-122.013 36.968
-122.012 36.966
-121.989 36.967
-122.012 36.964
-122.022 36.967
-122.040 36.963
-122.041 36.966
-122.045 36.965
-122.043 36.966
-122.062 36.968
-122.062 37.001
-122.058 37.001
-122.058 36.997
-122.057 36.997
-122.055 36.997
-122.055 36.996
-122.055 36.993
-122.054 36.993
-122.052 36.988
-122.052 36.981
-122.053 36.981
-122.041 36.980
-122.039 36.966
-122.031 36.966
-122.030 36.960
-122.025 36.961
-122.021 36.962
-122.013 36.964
-122.013 36.966
-122.007 36.967
-122.008 36.982
-122.012 36.982
-122.009 36.967
-122.012 36.967
-122.021 36.974
-122.021 36.979
-122.029 36.980
-122.028 36.997
-122.023 36.997
-122.023 36.984
-122.012 36.984
-122.012 36.967
-122.024 36.967
-122.025 36.973
-122.027 36.974
-122.027 36.975
-122.025 36.975
-122.026 36.974
-122.025 36.975
-122.026 36.971
-122.024 36.972
-122.013 36.971
-122.007 36.967
-122.010 36.968
-122.011 36.967
-122.012 36.967
-122.024 36.967
-122.025 36.975
-122.025 36.975
-122.025 36.975
-122.012 36.975
-122.012 36.967
-122.012 36.966
-122.005 36.967
-122.005 36.967
-122.004 36.966
-122.001 36.964
-122.000 36.965
-121.998 36.963
-121.993 36.963
-121.992 36.964
-121.990 36.964
-121.988 36.963
-121.987 36.961
-121.984 36.961
-121.979 36.960
-121.978 36.957
-121.960 36.956
-121.959 36.967
-121.956 36.967
-121.953 36.970
-121.952 36.972
-121.952 36.972
-121.951 36.972
-121.951 36.972
-121.950 36.972
-121.952 36.972
-121.952 36.973
-121.964 36.964
-121.965 36.961
-121.967 36.960
-121.968 36.959
-121.969 36.958
-121.969 36.960
-121.970 36.963
-121.987 36.964
-121.988 36.963
-121.989 36.963
-121.990 36.963
-121.994 36.963
-121.996 36.964
-121.997 36.962
-121.998 36.963
-122.000 36.963
-122.000 36.963
-122.000 36.964
-122.001 36.965
-122.001 36.966
-122.001 36.967
-122.002 36.968
-122.004 36.968
-122.006 36.968
-122.008 36.968
-122.008 36.968
-122.009 36.970
-122.009 36.976
-122.010 36.977
-122.010 36.980
-122.014 36.980
-122.012 36.979
-122.021 36.967
-122.021 36.982
-122.012 36.982
-122.013 36.967
-121.965 36.967
-121.966 36.986
-122.012 36.986
-122.012 36.966
-122.047 36.967
-122.047 37.286
-122.012 37.286
-122.013 36.967
-122.036 36.967
-122.042 36.964
-122.062 36.966
-122.063 37.001
-122.054 36.980
-122.053 36.980
-122.054 36.977
-122.053 36.976
-122.043 36.976
-122.042 36.968
-122.041 36.967
-122.039 36.966
-122.039 36.965
-122.037 36.965
-122.033 36.964
-122.026 36.961
-122.014 36.962
-122.013 36.966
-122.012 36.966
-122.012 36.967
-122.016 36.967
-122.017 36.964
-122.022 36.964
-122.021 36.961
-122.017 36.960
-122.017 36.957
-122.019 36.958
-122.023 36.960
-122.013 36.962
-122.014 36.965
-122.015 36.965
-122.013 36.965
-122.058 36.975
-122.058 36.977
-122.062 36.979
-122.062 37.000
-122.054 37.001
-122.058 36.977
-122.012 36.978
-122.029 36.963
-122.032 36.960
-122.036 36.962
-122.041 36.964
-122.062 36.965
-122.062 37.001
-122.055 37.001
-122.055 36.993
-122.055 36.993
-122.055 36.992
-122.055 36.990
-122.053 36.987
-122.053 36.984
-122.052 36.984
-122.052 36.983
-122.052 36.981
-122.054 36.981
-122.054 36.977
-122.053 36.976
-122.047 36.975
-122.046 36.970
-122.044 36.969
-122.042 36.968
-122.041 36.967
-122.041 36.967
-122.040 36.967
-122.032 36.966
-122.025 36.961
-122.022 36.962
-122.020 36.964
-122.019 36.964
-122.014 36.964
-122.012 36.966
-121.909 36.967
-121.925 37.367
-121.924 37.365
-121.931 37.365
-121.930 37.370
-121.931 37.370
-111.982 37.371
-111.981 40.788
-111.982 40.788
-111.981 40.789
-73.791 40.643
-73.790 40.639
-73.789 40.641
-73.782 40.644
-73.809 40.645
-73.808 40.699
-73.808 40.700
-73.990 40.702
-73.989 40.757
-73.989 40.758
-73.990 40.758
-73.982 40.758
-73.982 40.758
-73.979 40.759
-73.979 40.762
-73.977 40.763
-73.979 40.762
-73.979 40.762
-73.979 40.762
-73.982 40.762
-73.990 40.762
-74.000 40.756
-74.002 40.733
-74.008 40.734
-74.004 40.733
-74.004 40.730
-74.004 40.733
-74.004 40.733
-74.003 40.733
-74.001 40.737
-73.987 40.739
-73.988 40.755
-73.988 40.755
-73.987 40.755
-73.988 40.757
-73.988 40.757
-73.989 40.757
-73.985 40.758
-73.985 40.759
-73.984 40.760
-73.988 40.760
-73.989 40.757
-73.991 40.758
-73.989 40.758
-73.979 40.757
-73.979 40.763
-73.976 40.762
-73.979 40.760
-73.989 40.763
-73.979 40.758
-122.053 36.985
-122.054 36.980
-122.054 36.980
-122.051 36.976
-122.050 36.974
-122.049 36.973
-122.049 36.973
-122.043 36.972
-122.042 36.968
-122.041 36.967
-122.039 36.967
-122.033 36.965
-122.032 36.962
-122.028 36.961
-122.026 36.961
-122.014 36.962
-122.013 36.966
-122.012 36.966
-122.012 36.967
-122.033 36.967
-122.032 36.976
-122.012 36.976
-122.410 37.784
-122.399 37.786
-122.400 37.794
-122.421 37.795
-122.427 37.751
-122.427 37.751
-122.427 37.753
-122.426 37.754
-122.425 37.752
-122.420 37.750
-122.420 37.750
-122.421 37.750
-122.421 37.751
-122.421 37.751
-122.417 37.751
-122.418 37.766
-122.406 37.767
-122.408 37.787
-122.407 37.787
-122.411 37.786
-122.053 36.983
-122.054 36.980
-122.052 36.976
-122.050 36.974
-122.049 36.974
-122.046 36.972
-122.043 36.969
-122.040 36.968
-122.039 36.966
-122.038 36.966
-122.026 36.964
-122.018 36.962
-122.017 36.965
-122.014 36.965
-122.013 36.966
-122.012 36.967
-122.012 36.967
-121.969 36.967
-122.013 36.975
-122.012 36.973
-122.012 36.968
-122.007 36.967
-122.007 36.982
-122.013 36.982
-122.012 36.967
-122.065 36.967
-122.063 36.951
-122.065 36.949
-122.062 36.950
-122.049 36.955
-122.048 36.956
-122.048 36.953
-122.048 36.950
-122.042 36.950
-122.041 36.952
-122.041 36.953
-122.039 36.953
-122.037 36.953
-122.030 36.953
-122.031 36.954
-122.026 36.953
-122.026 36.955
-122.026 36.961
-122.024 36.962
-122.024 36.963
-122.023 36.963
-122.019 36.963
-122.017 36.965
-122.016 36.965
-122.015 36.965
-122.013 36.966
-122.010 36.967
-122.011 36.974
-122.011 36.976
-122.012 36.976
-122.011 36.979
-122.011 36.980
-122.012 36.980
-122.012 36.969
-122.012 36.967
-122.012 36.967
-122.013 36.966
-122.020 36.967
-122.021 36.964
-122.036 36.964
-122.039 36.964
-122.040 36.966
-122.041 36.966
-122.042 36.965
-122.042 36.966
-122.042 36.965
-122.054 36.964
-122.049 36.980
-122.062 36.991
-122.062 37.000
-122.062 37.001
-122.063 37.001
-122.055 37.001
-122.055 36.995
-122.054 36.994
-122.054 36.989
-122.052 36.986
-122.052 36.982
-122.053 36.982
-122.054 36.979
-122.053 36.977
-122.050 36.976
-122.048 36.973
-122.040 36.972
-122.039 36.966
-122.024 36.965
-122.023 36.963
-122.020 36.963
-122.019 36.964
-122.015 36.964
-122.014 36.965
-122.013 36.966
-122.012 36.967
-122.012 36.967
-122.007 36.967
-122.007 36.968
-122.008 36.968
-122.007 36.968
-122.012 36.968
-122.042 36.967
-122.043 36.964
-122.045 36.963
-122.046 36.963
-122.045 36.964
-122.046 36.969
-122.047 36.970
-122.049 36.971
-122.052 36.974
-122.053 36.975
-122.056 36.982
-122.062 37.000
-122.063 37.001
-122.055 37.001
-122.055 36.985
-122.053 36.982
-122.053 36.981
-122.044 36.977
-122.042 36.978
-122.041 36.978
-122.039 36.977
-122.024 36.977
-122.020 36.979
-122.019 36.975
-122.012 36.975
-122.020 36.967
-122.024 36.964
-122.036 36.963
-122.038 36.964
-122.040 36.966
-122.041 36.966
-122.042 36.965
-122.044 36.965
-122.062 36.962
-122.062 37.000
-122.057 37.000
-122.052 36.997
-122.052 36.981
-122.054 36.981
-122.047 36.976
-122.043 36.970
-122.032 36.968
-122.032 36.961
-122.022 36.960
-122.014 36.964
-122.012 36.966
-122.024 36.967
-122.026 36.963
-122.028 36.962
-122.039 36.961
-122.041 36.966
-122.045 36.965
-122.062 36.966
-122.063 37.001
-122.063 37.001
-122.056 37.001
-122.054 36.993
-122.043 36.976
-122.039 36.967
-122.034 36.965
-122.026 36.962
-122.025 36.961
-122.018 36.962
-122.013 36.965
-122.012 36.967
-122.018 36.967
-122.045 36.973
-122.012 36.962
-121.949 36.967
-121.949 37.319
-121.950 37.321
-121.962 37.322
-121.948 37.324
-121.949 37.320
-121.960 37.319
-122.012 37.353
-122.012 36.967
-122.025 36.967
-122.054 36.963
-122.062 36.978
-122.063 37.001
-122.055 37.001
-122.052 36.989
-122.053 36.981
-122.053 36.981
-122.043 36.975
-122.031 36.968
-122.022 36.960
-122.014 36.964
-122.013 36.965
-122.028 36.967
-122.036 36.961
-122.042 36.964
-122.044 36.965
-122.062 36.969
-122.063 37.001
-122.059 37.001
-122.054 36.997
-122.054 36.988
-122.051 36.987
-122.052 36.981
-122.039 36.975
-122.037 36.965
-122.033 36.963
-122.025 36.961
-122.014 36.963
-122.013 36.965
-122.018 36.967
-122.036 36.965
-122.040 36.964
-122.049 36.966
-122.062 36.974
-122.063 37.001
-122.014 37.001
-122.013 36.966
-122.013 36.967
-122.012 36.967
-122.024 36.967
-122.043 36.962
-122.062 36.963
-122.063 37.001
-122.063 37.001
-122.061 37.001
-122.062 36.993
-122.054 36.985
-122.048 36.976
-122.048 36.972
-122.039 36.971
-122.036 36.965
-122.026 36.964
-122.024 36.961
-122.015 36.964
-122.013 36.965
-122.013 36.966
-122.012 36.966
-122.024 36.967
-122.042 36.962
-122.042 36.965
-122.044 36.965
-122.062 36.963
-122.063 37.001
-122.054 37.001
-122.045 36.976
-122.045 36.969
-122.034 36.968
-122.024 36.962
-122.015 36.963
-122.012 36.966
-121.969 36.967
-121.970 36.976
-121.965 36.978
-121.964 36.978
-121.964 36.974
-121.970 36.974
-122.012 36.974
-122.013 36.967
-122.017 36.967
-122.023 36.969
-122.024 36.971
-122.026 36.971
-122.019 36.972
-122.018 36.968
-122.012 36.968
-122.037 36.967
-122.030 36.967
-122.035 36.985
-122.046 37.015
-122.028 37.016
-122.038 36.991
-122.035 36.967
-122.028 36.968
-122.027 36.970
-122.012 36.971
-122.012 36.967
-122.008 36.967
-122.012 36.967
-122.003 36.967
-121.989 36.968
-121.993 36.964
-122.012 36.964
-122.012 36.967
-122.016 36.967
-122.044 36.965
-122.063 36.962
-122.063 37.001
-122.053 37.001
-122.053 36.979
-122.053 36.977
-122.035 36.977
-122.027 36.976
-122.026 36.976
-122.012 36.976
-122.024 36.963
-122.044 36.962
-122.062 36.962
-122.063 37.000
-122.054 37.001
-122.054 36.981
-122.050 36.976
-122.025 36.974
-122.022 36.962
-122.013 36.964
-121.989 36.967
-122.007 36.964
-122.007 36.982
-122.012 36.982
-122.013 36.967
-122.041 36.966
-122.062 36.967
-122.063 37.001
-122.062 36.965
-122.063 37.001
-122.062 37.001
-122.059 36.990
-122.059 36.990
-122.041 36.989
-122.026 36.967
-122.019 36.962
-122.014 36.964
-122.013 36.965
-122.007 36.967
-122.005 36.982
-122.428 36.985
-122.428 37.630
-122.430 37.631
-122.487 37.630
-122.490 37.757
-122.483 37.771
-122.487 37.770
-122.462 37.757
-122.459 37.783
-122.461 37.779
-122.462 37.781
-122.475 37.781
-122.475 37.781
-122.428 37.783
-122.430 37.631
-122.427 37.630
-122.486 37.626
-122.486 37.756
-122.486 37.769
-122.483 37.770
-122.485 37.769
-122.485 37.772
-122.485 37.771
-122.489 37.772
-122.487 37.771
-122.490 37.771
-122.490 37.770
-122.490 37.771
-122.487 37.771
-122.431 37.756
-122.429 37.630
-122.426 37.631
-122.419 37.761
-122.423 37.760
-122.426 37.765
-122.012 37.763
-122.013 36.967
-122.014 36.967
-122.063 36.966
-122.061 37.001
-122.054 36.985
-122.054 36.983
-122.048 36.976
-122.048 36.972
-122.042 36.971
-122.024 36.967
-122.017 36.963
-122.012 36.965
-122.038 36.966
-122.038 36.968
-122.012 36.968
-122.012 36.967
-122.044 36.967
-122.054 36.962
-122.063 36.999
-122.040 36.967
-122.041 36.966
-122.044 36.966
-122.046 36.963
-122.053 36.965
-122.050 36.992
-122.062 36.993
-122.063 37.000
-122.062 37.001
-122.061 36.997
-122.053 36.985
-122.046 36.976
-122.039 36.969
-122.014 36.965
-122.012 36.966
-122.007 36.967
-122.012 36.968
-122.025 36.967
-122.033 36.962
-122.042 36.962
-122.042 36.966
-122.062 36.964
-122.063 37.001
-122.059 37.001
-122.053 36.998
-122.054 36.982
-122.042 36.977
-122.039 36.967
-122.020 36.965
-122.018 36.964
-122.012 36.965
-121.968 36.967
-121.968 36.974
-122.013 36.974
-122.007 36.967
-122.013 36.968
-122.026 36.967
-122.012 36.972
-122.046 36.967
-122.062 36.966
-122.062 37.001
-122.054 37.001
-122.012 36.976
-122.048 36.965
-122.054 36.974
-122.063 37.001
-122.053 37.001
-122.012 36.976
-122.053 36.963
-122.062 36.981
-122.063 37.000
-122.012 36.981
-122.046 36.967
-122.062 36.971
-122.063 37.001
-122.026 37.001
-122.013 36.973
-122.064 36.967
-122.063 36.999
-122.064 37.001
-122.024 36.999
-122.025 36.975
-122.012 36.975
-122.012 36.967
-122.007 36.967
-122.007 36.982
-122.012 37.336
-122.012 36.967
-122.043 36.967
-122.043 36.964
-122.027 36.964
-122.012 36.969
-122.044 36.963
-122.062 36.968
-122.062 37.001
-122.012 37.001
-121.971 36.967
-122.383 37.261
-122.387 37.602
-122.392 37.614
-122.387 37.616
-122.386 37.617
-122.383 37.615
-84.656 37.615
-84.661 39.055
-71.021 42.365
-71.021 42.364
-71.019 42.365
-71.042 42.369
-71.055 42.353
-71.062 42.354
-71.062 42.356
-71.078 42.353
-71.089 42.348
-71.087 42.347
-71.085 42.339
-71.088 42.338
-71.089 42.339
-71.087 42.346
-71.089 42.339
-71.060 42.336
-71.113 42.355
-71.018 42.383
-71.112 42.363
-71.119 42.383
-71.113 42.386
-71.119 42.383
-71.062 42.366
-71.077 42.353
-71.077 42.350
-71.088 42.349
-71.075 42.348
-71.071 42.352
-71.123 42.361
-71.131 42.397
-71.127 42.405
-71.112 42.401
-71.124 42.383
-71.123 42.396
-71.113 42.395
-71.118 42.383
-71.123 42.373
-71.112 42.369
-71.103 42.383
-71.113 42.364
-71.122 42.383
-71.059 42.397
-71.060 42.355
-71.071 42.359
-71.090 42.437
-71.127 42.456
-71.113 42.404
-71.021 42.384
-71.021 42.365
-73.788 42.365
-73.781 40.641
-73.780 40.638
-73.780 40.641
-122.383 40.641
-122.388 37.615
-122.392 37.615
-122.402 37.616
-122.387 37.614
-122.383 37.600
-122.013 37.601
-122.042 36.967
-122.062 36.964
-122.062 37.001
-122.012 37.001
-122.004 36.967
-122.007 36.981
-122.012 36.982
-122.013 36.968
-122.013 36.967
-122.045 36.967
-122.062 36.963
-122.063 37.000
-122.053 37.001
-122.013 36.976
-122.064 36.967
-122.063 36.999
-122.012 37.001
-122.012 36.967
-122.044 36.963
-122.062 36.967
-122.062 37.000
-122.012 37.001
-122.031 36.967
-122.012 36.958
-122.012 36.967
-122.045 36.967
-122.062 36.963
-122.063 37.001
-122.013 37.001
-122.025 36.967
-122.029 36.975
-122.029 36.981
-122.027 36.981
-122.021 36.981
-122.012 36.974
-122.013 36.967
-122.054 36.967
-122.062 36.996
-122.062 37.001
-122.013 37.001
-122.044 36.967
-122.062 36.968
-122.063 37.000
-122.054 37.001
-122.012 36.976
-122.045 36.967
-122.062 36.963
-122.063 37.000
-122.063 37.001
-122.053 37.001
-122.012 36.975
-122.008 36.967
-122.011 36.968
-122.007 36.967
-122.007 36.982
-122.013 36.982
-122.012 36.974
-122.043 36.963
-122.062 36.963
-122.063 37.001
-122.061 37.001
-122.054 36.985
-122.012 36.976
-122.063 36.967
-122.054 37.001
-122.012 36.976
-122.048 36.967
-122.062 36.973
-122.063 37.001
-122.012 36.978
-122.046 36.966
-122.062 36.966
-122.063 37.000
-122.056 37.001
-122.012 36.985
-122.012 36.967
-122.058 36.967
-122.062 37.000
-122.063 37.000
-122.054 37.001
-122.054 36.979
-122.012 36.976
-122.015 36.967
-122.041 36.965
-122.062 36.966
-122.062 37.001
-122.061 37.001
-122.042 36.994
-122.035 36.967
-122.013 36.962
-122.045 36.963
-122.062 36.966
-122.063 37.000
-122.012 37.001
-122.062 36.967
-122.063 37.000
-122.066 37.001
-122.063 36.999
-122.046 36.999
-122.048 36.962
-122.013 36.961
-122.012 36.967
-122.012 36.967
-122.069 36.966
-122.068 36.991
-122.065 36.991
-122.063 36.999
-122.063 37.001
-122.012 37.001
-122.013 36.967
-122.024 36.967
-122.027 36.969
-122.027 36.972
-122.027 36.973
-122.012 36.969
-122.012 36.967
-122.062 36.967
-122.060 37.084
-122.061 37.086
-122.071 37.084
-122.063 37.086
-122.063 37.091
-122.061 37.084
-122.012 37.077
-122.012 36.967
-122.041 36.967
-122.062 36.965
-122.063 37.001
-122.061 37.001
-122.013 36.993
-121.915 36.967
-121.929 37.370
-121.931 37.370
-84.428 37.371
-84.429 33.641
-81.594 33.641
-81.632 38.359
-81.632 38.323
-81.628 38.322
-81.627 38.353
-81.632 38.352
-81.632 38.322
-81.584 38.322
-81.588 38.324
-81.632 38.326
-81.632 38.322
-81.632 38.322
-81.637 38.348
-81.636 38.336
-81.632 38.349
-82.445 38.322
-82.446 38.421
-82.445 38.421
-82.389 38.420
-82.388 38.413
-81.632 38.412
-81.632 38.322
-81.637 38.322
-81.634 38.348
-81.628 38.350
-81.635 38.353
-81.632 38.321
-81.564 38.322
-81.632 38.243
-81.632 38.322
-81.678 38.323
-81.677 38.341
-81.712 38.334
-81.712 38.336
-81.713 38.336
-81.631 38.338
-81.596 38.322
-81.596 38.371
-84.428 33.648
-84.428 33.642
-84.427 33.641
-121.931 33.641
-121.928 37.371
-121.915 37.368
-121.892 37.371
-121.884 37.328
-121.886 37.311
-122.012 37.324
-122.028 36.967
-122.064 36.969
-122.062 36.999
-122.063 37.000
-122.063 37.001
-122.045 36.965
-122.062 36.966
-122.063 37.001
-122.012 36.993
-122.031 36.967
-122.031 36.956
-122.031 36.957
-122.036 36.961
-122.035 36.971
-122.116 36.975
-122.117 37.378
-122.137 37.378
-122.137 37.400
-122.172 37.401
-122.174 37.432
-122.175 37.430
-122.170 37.429
-122.144 37.434
-122.144 37.398
-122.012 37.394
-122.015 36.967
-122.043 36.969
-122.045 36.963
-122.012 36.962
-122.012 36.967
-122.008 36.967
-122.012 36.968
-122.001 36.967
-122.005 36.965
-122.011 36.965
-122.012 36.965
-121.962 36.967
-121.962 36.973
-122.007 36.973
-122.011 36.982
-122.012 36.980
-122.012 36.967
-122.024 36.964
-122.041 36.962
-122.042 36.966
-122.040 36.966
-122.062 36.967
-122.063 37.001
-122.062 37.001
-122.061 36.993
-122.060 36.993
-122.038 36.991
-122.035 36.965
-122.034 36.963
-122.026 36.962
-122.022 36.962
-122.013 36.964
-122.012 36.966
-122.012 36.967
-122.024 36.963
-122.026 36.963
-122.032 36.961
-122.040 36.961
-122.042 36.966
-122.062 36.966
-122.063 37.001
-122.053 37.001
-122.039 36.981
-122.026 36.965
-122.021 36.962
-122.013 36.964
-122.069 36.967
-122.067 36.991
-122.012 36.991
-122.007 36.967
-122.007 36.982
-122.013 36.982
-122.012 36.978
-122.013 36.967
-122.030 36.968
-122.012 36.955
-122.012 36.967
-122.026 36.967
-122.026 36.972
-122.027 36.972
-122.012 36.971
-122.010 36.967
-122.007 36.970
-122.013 36.968
-122.009 36.967
-122.008 36.968
-122.000 36.967
-122.007 36.968
-122.013 36.968
-122.024 36.967
-122.070 36.975
-122.069 37.326
-122.012 37.325
-122.062 36.963
-122.063 37.000
-122.062 37.001
-122.061 36.993
-122.059 36.992
-122.053 36.990
-122.051 36.976
-122.035 36.974
-122.034 36.963
-122.033 36.962
-122.025 36.961
-122.014 36.962
-122.012 36.966
-122.013 36.967
-122.064 36.967
-122.063 36.999
-122.063 37.000
-122.013 36.998
-122.012 36.967
-122.063 36.967
-122.063 37.000
-122.064 37.001
-122.012 36.998
-122.012 36.967
-122.019 36.967
-122.031 36.966
-122.012 36.957
-122.012 36.967
-122.064 36.967
-122.063 36.999
-122.012 37.001
-122.012 36.967
-122.025 36.969
-122.062 36.971
-122.062 37.000
-122.060 37.001
-122.060 36.991
-122.037 36.991
-122.035 36.964
-122.026 36.963
-122.013 36.961
-122.012 36.966
-122.014 36.967
-122.012 36.979
-122.012 36.979
-122.012 36.966
-122.046 36.966
-122.046 36.959
-122.032 36.959
-122.032 36.976
-122.012 36.975
-122.007 36.967
-122.012 36.968
-122.025 36.967
-122.025 36.970
-122.062 36.969
-122.062 37.000
-122.060 37.001
-122.030 36.991
-122.029 36.960
-122.012 36.961
-122.012 36.967
-122.025 36.967
-122.062 36.969
-122.062 37.000
-122.033 37.001
-122.030 36.961
-122.029 36.961
-122.026 36.961
-122.014 36.962
-122.013 36.966
-122.012 36.966
-122.013 36.967
-122.012 36.967
-122.014 36.966
-122.019 36.967
-122.025 36.968
-122.025 36.971
-122.062 36.969
-122.063 37.000
-122.029 37.001
-122.027 36.961
-122.026 36.961
-122.014 36.961
-122.013 36.966
-121.961 36.967
-122.013 36.982
-122.012 36.967
-122.005 36.967
-122.002 36.968
-122.001 36.968
-122.001 36.967
-121.998 36.967
-121.998 36.966
-121.998 36.965
-122.012 36.965
-121.962 36.967
-121.962 36.982
-121.970 36.982
-122.012 36.978
-122.013 36.967
-122.022 36.967
-122.022 36.985
-122.012 36.984
-122.013 36.967
-122.080 36.967
-122.012 37.405
-122.012 36.967
-122.008 36.964
-122.013 36.968
-122.063 36.967
-122.063 37.001
-122.012 37.001
-122.012 36.967
-122.047 36.967
-122.047 37.286
-122.012 37.286
-122.063 36.967
-122.063 37.001
-122.045 37.001
-122.045 36.962
-122.025 36.962
-122.019 36.974
-122.012 36.974
-122.064 36.967
-122.063 37.000
-122.013 36.988
-122.063 36.967
-122.063 37.000
-122.063 37.000
-122.063 37.001
-122.064 37.001
-122.013 36.998
-122.013 36.967
-121.990 36.967
-121.990 36.964
-122.012 36.964
-122.019 36.966
-122.021 36.974
-122.063 36.974
-122.063 36.999
-122.012 36.992
-122.012 36.967
-122.064 36.967
-122.063 36.999
-122.058 37.001
-122.063 37.001
-122.012 37.001
-122.064 36.967
-122.063 36.999
-122.012 37.001
-122.064 36.967
-122.063 37.000
-122.064 37.001
-122.013 36.994
-122.020 36.967
-122.021 36.980
-122.020 36.979
-122.019 36.976
-122.019 36.974
-122.012 36.974
-122.012 36.967
-122.016 36.967
-122.016 36.969
-122.019 36.969
-122.020 36.976
-122.012 36.980
-122.007 36.967
-122.013 36.968
-122.049 36.967
-122.049 36.957
-122.048 36.956
-122.049 36.959
-122.012 36.958
-122.012 36.967
-122.063 36.967
-122.063 37.001
-122.012 37.001
-122.012 36.967
-122.064 36.967
-122.063 37.001
-122.063 37.000
-122.064 37.001
-122.012 36.999
-122.012 36.967
-122.061 36.967
-122.063 37.001
-122.062 37.001
-122.063 36.993
-122.064 36.994
-122.063 36.994
-122.062 36.995
-122.062 37.000
-122.065 37.000
-122.065 36.993
-122.012 36.993
-122.064 36.967
-122.063 36.999
-122.013 37.001
-121.885 36.967
-121.873 37.311
-121.872 37.293
-121.872 37.293
-121.916 37.293
-121.916 37.370
-121.930 37.370
-121.931 37.371
-111.984 40.789
-111.984 40.788
-76.664 40.788
-76.670 39.181
-76.947 39.182
-76.947 38.978
-76.970 38.966
-77.022 38.954
-77.024 38.899
-76.957 38.888
-76.947 38.967
-76.947 38.978
-76.935 38.985
-76.936 38.993
-76.947 38.991
-76.936 38.978
-76.947 38.990
-76.936 38.978
-76.934 38.990
-76.936 38.992
-76.940 38.991
-76.947 38.989
-76.955 38.978
-76.935 38.994
-76.934 38.993
-76.936 38.992
-76.934 38.990
-76.937 38.992
-77.032 38.991
-77.031 38.919
-76.955 38.919
-76.955 38.986
-76.948 38.986
-76.947 38.984
-76.944 38.984
-76.947 38.989
-76.955 38.983
-76.849 38.986
-76.848 39.098
-76.947 39.098
-76.947 38.978
-76.955 38.978
-76.668 38.986
-76.664 39.181
-111.985 39.181
-111.979 40.787
-121.932 37.368
-121.928 37.369
-121.916 37.365
-121.915 37.370
-121.915 37.369
-121.914 37.369
-121.872 37.367
-121.874 37.293
-121.968 37.293
-121.968 36.985
-121.964 36.985
-121.965 36.974
-122.012 36.974
-122.112 36.967
-122.112 36.967
-122.044 36.968
-122.045 36.961
-122.013 36.962
-122.024 36.967
-122.040 36.963
-122.042 36.966
-122.042 36.965
-122.062 36.965
-122.062 37.001
-122.053 37.001
-122.037 36.981
-122.030 36.964
-122.029 36.960
-122.028 36.961
-122.028 36.961
-122.027 36.961
-122.012 36.961
-122.013 36.967
-122.025 36.967
-122.040 36.962
-122.042 36.966
-122.042 36.965
-122.062 36.965
-122.062 37.001
-122.040 36.994
-122.025 36.966
-122.020 36.962
-122.014 36.964
-122.013 36.966
-122.013 36.966
-122.013 36.966
-122.012 36.967
-122.041 36.967
-122.042 36.965
-122.062 36.965
-122.063 37.001
-122.060 37.001
-122.054 36.991
-122.053 36.976
-122.052 36.976
-122.050 36.975
-122.041 36.974
-122.041 36.967
-122.040 36.967
-122.025 36.966
-122.023 36.963
-122.012 36.963
-122.064 36.967
-122.063 36.999
-122.063 36.967
-122.063 37.000
-122.064 37.001
-122.063 36.999
-122.067 36.990
-122.409 36.990
-122.409 37.785
-122.399 37.785
-122.400 37.786
-122.411 37.786
-122.411 37.793
-122.410 37.794
-122.410 37.793
-122.408 37.784
-122.410 37.791
-122.410 37.793
-122.409 37.785
-122.411 37.785
-122.417 37.784
-122.409 37.781
-122.410 37.784
-122.411 37.786
-122.409 37.782
-122.410 37.785
-122.411 37.786
-122.410 37.786
-122.409 37.785
-122.409 37.786
-122.410 37.786
-122.417 37.786
-122.410 37.782
-122.410 37.786
-122.409 37.786
-122.410 37.784
-122.411 37.786
-122.411 37.786
-122.410 37.781
-122.412 37.786
-122.411 37.785
-122.012 37.785
-122.012 36.967
-122.063 36.990
-122.012 36.977
-122.062 36.967
-122.063 37.002
-122.064 37.001
-122.063 37.001
-122.024 37.001
-122.012 36.975
-122.012 36.967
-122.064 36.967
-122.063 37.001
-122.065 37.001
-122.013 36.993
-122.024 36.967
-122.024 36.971
-122.025 36.971
-122.013 36.971
-122.012 36.967
-122.012 36.967
-122.010 36.968
-122.007 36.968
-122.007 36.968
-122.012 36.968
-122.012 36.967
-122.029 36.967
-122.029 36.997
-122.043 36.997
-122.012 36.964
-122.064 36.967
-122.063 37.001
-122.012 37.001
-121.930 36.967
-121.930 37.373
-121.929 37.372
-121.926 37.369
-121.929 37.366
-104.669 39.855
-104.669 39.859
-91.702 39.859
-91.698 41.888
-91.533 41.891
-91.533 41.659
-91.533 41.658
-91.531 41.660
-91.536 41.661
-91.531 41.661
-91.534 41.654
-91.536 41.660
-91.533 41.661
-91.534 41.661
-91.532 41.658
-91.535 41.660
-91.534 41.661
-91.702 41.658
-91.700 41.889
-91.701 41.888
-104.666 39.863
-104.671 39.859
-118.418 33.936
-118.399 33.935
-118.400 33.942
-118.457 33.943
-118.458 33.983
-118.446 33.983
-118.457 33.989
-118.458 33.983
-118.440 33.983
-118.440 33.980
-118.440 33.986
-118.440 33.981
-118.440 33.980
-118.442 33.980
-118.442 33.987
-118.440 33.986
-118.440 33.980
-118.405 33.980
-118.402 33.943
-118.402 33.942
-121.932 37.359
-121.927 37.371
-121.930 37.367
-121.931 37.373
-122.012 37.373
-122.012 36.967
-122.063 36.967
-122.063 37.001
-122.013 37.001
-122.045 36.992
-122.012 36.962
-122.013 36.967
-121.931 36.967
-121.932 37.374
-121.924 37.372
-121.924 37.364
-121.925 37.365
-121.925 37.365
-121.756 37.365
-85.584 40.633
-78.514 40.633
-76.670 39.176
-76.669 39.177
-77.667 39.177
-77.663 43.127
-77.542 43.128
-77.541 43.106
-77.510 43.105
-77.511 43.090
-77.663 43.093
-77.664 43.092
-77.680 43.086
-77.679 43.085
-77.680 43.084
-77.640 43.084
-77.600 43.094
-77.601 43.150
-77.663 43.150
-76.672 43.094
-76.671 39.178
-121.927 39.177
-121.924 37.367
-121.923 37.365
-121.931 37.364
-121.931 37.374
-121.960 37.374
-122.012 37.353
-122.012 36.967
-122.058 36.979
-122.064 36.979
-122.063 36.999
-122.063 37.001
-122.012 37.000
-122.012 36.967
-122.070 36.967
-122.070 37.326
-122.012 37.326
-122.012 36.967
-122.028 36.967
-122.012 36.976
-122.046 36.967
-122.062 36.964
-122.062 37.000
-122.036 36.989
-122.036 37.409
-122.080 37.409
-122.080 37.393
-122.012 37.392
-122.012 36.967
-122.019 36.967
-122.020 36.975
-122.029 36.975
-122.035 36.961
-122.062 36.964
-122.062 37.000
-122.063 36.982
-122.063 36.999
-122.063 37.000
-122.040 36.997
-122.040 36.970
-122.012 36.975
-122.023 36.967
-122.036 36.963
-122.042 36.964
-122.042 36.965
-122.062 36.964
-122.054 37.001
-122.036 36.976
-122.035 36.964
-122.034 36.963
-122.025 36.962
-122.015 36.962
-122.014 36.965
-122.014 36.966
-122.012 36.966
-122.032 36.963
-122.036 36.961
-122.038 36.964
-122.038 36.965
-122.039 36.966
-122.040 36.966
-122.042 36.966
-122.062 36.964
-122.063 37.001
-122.063 37.001
-122.056 37.001
-122.056 36.998
-122.033 36.985
-122.032 36.961
-122.029 36.961
-122.026 36.961
-122.014 36.961
-122.013 36.966
-122.012 36.966
-122.012 36.967
-122.007 36.967
-122.045 36.968
-122.045 36.962
-122.012 36.962
-122.024 36.963
-122.040 36.962
-122.042 36.964
-122.062 36.974
-122.063 37.001
-122.060 37.001
-122.043 36.990
-122.042 36.968
-122.040 36.967
-122.040 36.967
-122.025 36.967
-122.014 36.963
-122.013 36.966
-122.013 36.966
-122.013 36.966
